q1,q2,q3
0,0,0
4.73235610177624e-06,3.75586349021795e-06,1.50239407537001e-06
3.74274830561268e-05,2.97045518384831e-05,1.18822057326717e-05
0.000124870803912597,9.9104480586476e-05,3.96430767166667e-05
0.000292581358322881,0.000232208992313243,9.28866065599276e-05
0.000564831598166825,0.000448282067555095,0.000179318637155257
0.000964667183178421,0.000765614035725504,0.000306255537327216
0.00151392677657181,0.00120153728603567,0.000480630487403433
0.00223326184066728,0.00177244197841508,0.000708999763786355
0.00314215643251727,0.00249379175443076,0.000997549023525668
0.00425894699953236,0.00338013944820759,0.00135209958888871
0.00560084217510728,0.00444514279734975,0.00177811473193379
0.00718394257424691,0.00570158015385891,0.00228070595908014
0.00902326058919227,0.00716136619505603,0.00286463929568104
0.0111327401850465,0.00883556763450066,0.00353434157059485
0.013525276695401,0.0107344189329119,0.00429390670075658
0.0162127366179611,0.0128673380090871,0.00514710197574986
0.0192059774101724,0.0152429419508242,0.00609737434237911
0.0225148672848468,0.0178690627258395,0.00714785668924023
0.026148305005788,0.0207527628926902,0.00830137413129273
0.0301142396834181,0.0239003513116924,0.00956045029443175
0.0344196905704033,0.0273173988558428,0.0109273136000592
0.0390707668572798,0.0310087541217385,0.0124039035496564
0.0440726874680802,0.0349785591404967,0.0139918770093543
0.0494298008559589,0.0392302650886758,0.0156926144945064
0.0551456047988188,0.0437666479991938,0.0175072264542604
0.0612227661949367,0.0485898244722511,0.019436559556129
0.0676631408585895,0.0537012673862485,0.0214812029705624
0.0744677933156805,0.0591018216087082,0.0236414946555199
0.0816370165993649,0.0647917197071939,0.0259175276410408
0.0891703520456761,0.0707705976602309,0.0283091563138178
0.0970666090891518,0.0770375105682268,0.0308160027017668
0.105323885058459,0.0835909483643904,0.0334374627585996
0.113939584972023,0.0904288515256537,0.0361727126483957
0.122910441333648,0.0975486267835906,0.0390207150301736
0.13223253392815,0.104947162835337,0.0419802253424626
0.141901309616975,0.112620846054513,0.0450497980878746
0.151911602133833,0.12056557620214,0.0482277931176758
0.162257651880318,0.128776782137563,0.0515123819163579
0.172933125721537,0.137249437529371,0.054901553886211
0.183931136781734,0.145978076566315,0.0583931226318937
0.195244264239918,0.154956809668232,0.0619847322450062
0.206864573125489,0.16417933919696,0.0656738635886613
0.218783634113861,0.173638975167262,0.0694578405820563
0.230992543322091,0.183328650957747,0.073333836485044
0.243481942104506,0.193240939021786,0.0772988801827057
0.256242036848325,0.203368066598434,0.081349862469922
0.269262618769287,0.213701931423353,0.0854835423359448
0.282533083707278,0.224234117439729,0.0896965532489689
0.296042451921956,0.234955910509192,0.0939854094407033
0.309779387888377,0.245858314122738,0.0983465121909439
0.323732220092621,0.256932065111648,0.102776156112145
0.337888960827419,0.26816764935841,0.107270535433988
0.352237325987777,0.279555317507635,0.111825750287959
0.366764754866604,0.291085100676983,0.116437812991916
0.381458429950336,0.302746826168078,0.121102654334661
0.396305296714564,0.31453013317743,0.125816129860514
0.411292083419658,0.326424488507357,0.130574026153881
0.426405320906397,0.338419202276903,0.13537206712383
0.441631362391589,0.350503443632757,0.14020592028866
0.456956403263701,0.362666256460179,0.145071203060472
0.472366500878486,0.374896575093912,0.149963489029744
0.487847594354603,0.387183240029109,0.1548783142499
0.503385524369252,0.399515013632249,0.159811183521881
0.518966052953791,0.411880595852058,0.16475757667872
0.534574883289369,0.424268639930433,0.16971295487011
0.550197679502549,0.436667768113356,0.17467276684698
0.565820086460931,0.449066587361817,0.179632455246061
0.581427749568783,0.461453705062737,0.184587462874463
0.597006334562668,0.473817744739884,0.189533238994244
0.612541547307062,0.486147361764794,0.194465245606982
0.628019153589989,0.498431259067694,0.199378963738348
0.643424998918641,0.510658202848417,0.204269899722675
0.658745028315008,0.522817038287329,0.209133591487533
0.673965306111499,0.534896705256241,0.213965614838297
0.689072035746574,0.546886254029337,0.218761589742723
0.704051579560367,0.558774860994091,0.223517186615517
0.718890478590311,0.570551844362184,0.228228132602906
0.733575472366764,0.582206679880429,0.232890217867211
0.748093518708639,0.59372901654169,0.23749930187142
0.762431813519025,0.605108692295799,0.242051319663757
0.776577810580816,0.616335749760482,0.246542288162254
0.790519241352335,0.627400451932273,0.250968312439326
0.804244134762964,0.638293297897439,0.255325592006339
0.817740837008762,0.649005038542896,0.259610427098182
0.830998031348102,0.659526692267133,0.263819224957843
0.844004757897288,0.66984956069113,0.267948506120974
0.856750433426182,0.679965244369279,0.271994910700468
0.869224871153837,0.689865658500304,0.275955204671027
0.881418300544115,0.69954304863818,0.279826286153739
0.893321387101315,0.708990006403055,0.283605191700642
0.904925252165805,0.718199485192171,0.287289102579303
0.916221492709638,0.727164815890779,0.290875351057385
0.927202201132184,0.735879722583064,0.294361426687221
0.937859985055759,0.744338338263068,0.297744982590384
0.948187987121242,0.752535220545599,0.301023841742263
0.958179904783708,0.760465367377165,0.304196003256627
0.967830010108055,0.768124232746883,0.307259648670204
0.977133169564622,0.775507742397404,0.310213148227247
0.986084863824825,0.782612309535838,0.313055067164113
0.994681207556774,0.78943485054466,0.315784171993825
1.0029189692209,0.795972800692647,0.318399436790654
1.0107955908656,0.802224129845788,0.320900049474681
1.01830920792283,0.808187358178202,0.323285418096376
1.02545866900376,0.813861571883072,0.325555177121167
1.03224355569437,0.819246438883546,0.32770919371401
1.03866420235111,0.824342224543674,0.329747574023963
1.04472171589652,0.829149807379319,0.33167066946876
1.05041799561481,0.833670694769077,0.333479083019374
1.05575575294756,0.837907038665205,0.3351736754846
1.0607385312893,0.841861651304529,0.336755571795618
1.06537072578311,0.845538020919376,0.338226167290568
1.06965760311634,0.84894032744849,0.339587133999124
1.07360532131612,0.852073458247943,0.34084042692706
1.07722094954507,0.854943023802074,0.341988290340828
1.08051248789689,0.857555373434394,0.343033264052124
1.08348888719201,0.859917611018506,0.343978189702464
1.08616006877318,0.862037610689041,0.344826217047754
1.08853694430112,0.863924032552555,0.34558081024286
1.09063143555015,0.865586338398472,0.346245754126186
1.0924564942038,0.867034807409985,0.346825160504234
1.09402612165045,0.868280551874991,0.34732347443619
1.09535538877895,0.869335532896997,0.347745480518483
1.09646045577424,0.870212576106061,0.348096309169366
1.09735859191299,0.870925387369687,0.348381442913483
1.09806819535921,0.871488568503761,0.348606722666439
1.0986088129599,0.871917632983473,0.34877835401938
1.09900116004063,0.872229021654221,0.348902913523553
1.09926714020122,0.872440118442549,0.348987354974886
1.09942986511135,0.872569266067064,0.349039015698559
1.09951367430615,0.872635781749343,0.349065622833574
1.09954415498188,0.872659972924871,0.349075299617323
1.09954816102803,0.872663152348012,0.349076571427788
1.09954816102803,0.872663152348012,0.349076571427788
1.09954816102803,0.872663152348012,0.349076571427788
1.09954816102803,0.872663152348012,0.349076571427788
1.09954816102803,0.872663152348012,0.349076571427788
1.09954816102803,0.872663152348012,0.349076571427788
1.09954816102803,0.872663152348012,0.349076571427788
1.09954816102803,0.872663152348012,0.349076571427788
1.09954816102803,0.872663152348012,0.349076571427788
1.09954816102803,0.872663152348012,0.349076571427788
1.09954816102803,0.872663152348012,0.349076571427788
1.09954816102803,0.872663152348012,0.349076571427788
1.09954816102803,0.872663152348012,0.349076571427788
1.09954816102803,0.872663152348012,0.349076571427788
1.09954816102803,0.872663152348012,0.349076571427788
1.09954816102803,0.872663152348012,0.349076571427788
1.09954816102803,0.872663152348012,0.349076571427788
1.09954816102803,0.872663152348012,0.349076571427788
1.09954816102803,0.872663152348012,0.349076571427788
1.09954816102803,0.872663152348012,0.349076571427788
1.09954816102803,0.872663152348012,0.349076571427788
1.09954816102803,0.872663152348012,0.349076571427788
1.09954816102803,0.872663152348012,0.349076571427788
1.09954816102803,0.872663152348012,0.349076571427788
1.09954816102803,0.872663152348012,0.349076571427788
1.09954816102803,0.872663152348012,0.349076571427788
1.09954816102803,0.872663152348012,0.349076571427788
1.09954816102803,0.872663152348012,0.349076571427788
1.09954816102803,0.872663152348012,0.349076571427788
1.09954816102803,0.872663152348012,0.349076571427788
1.09954816102803,0.872663152348012,0.349076571427788
1.09954342867193,0.872659396484522,0.349075069033713
1.09951073354498,0.872633447796173,0.349064689222055
1.09942329022412,0.872564047867425,0.349036928351071
1.09925557966971,0.872430943355698,0.348983684821228
1.09898332942987,0.872214870280457,0.348897252790633
1.09858349384485,0.871897538312286,0.348770315890461
1.09803423425146,0.871461615061976,0.348595940940385
1.09731489918737,0.870890710369597,0.348367571664002
1.09640600459552,0.870169360593581,0.348079022404262
1.0952892140285,0.869283012899804,0.347724471838899
1.09394731885293,0.868218009550662,0.347298456695854
1.09236421845379,0.866961572194153,0.346795865468708
1.09052490043884,0.865501786152956,0.346211932132107
1.08841542084299,0.863827584713511,0.345542229857193
1.08602288433263,0.8619287334151,0.344782664727032
1.08333542441007,0.859795814338925,0.343929469452038
1.08034218361786,0.857420210397188,0.342979197085409
1.07703329374319,0.854794089622172,0.341928714738548
1.07339985602224,0.851910389455322,0.340775197296495
1.06943392134461,0.84876280103632,0.339516121133356
1.06512847045763,0.845345753492169,0.338149257827729
1.06047739417075,0.841654398226273,0.336672667878132
1.05547547355995,0.837684593207515,0.335084694418434
1.05011836017207,0.833432887259336,0.333383956933282
1.04440255622921,0.828896504348818,0.331569344973528
1.0383253948331,0.824073327875761,0.329640011871659
1.03188502016944,0.818961884961763,0.327595368457226
1.02508036771235,0.813561330739304,0.325435076772268
1.01791114442867,0.807871432640818,0.323159043786747
1.01037780898236,0.801892554687781,0.32076741511397
1.00248155193888,0.795625641779785,0.318260568726021
0.994224275969573,0.789072203983621,0.315639108669189
0.98560857605601,0.782234300822358,0.312903858779392
0.976637719694384,0.775114525564421,0.310055856397615
0.967315627099883,0.767715989512675,0.307096346085326
0.957646851411058,0.760042306293499,0.304026773339914
0.9476365588942,0.752097576145872,0.300848778310112
0.937290509147715,0.743886370210449,0.29756418951143
0.926615035306496,0.735413714818641,0.294175017541577
0.915617024246299,0.726685075781697,0.290683448795894
0.904303896788115,0.71770634267978,0.287091839182782
0.892683587902544,0.708483813151052,0.283402707839127
0.880764526914172,0.699024177180749,0.279618730845732
0.868555617705941,0.689334501390265,0.275742734942744
0.856066218923526,0.679422213326226,0.271777691245082
0.843306124179708,0.669295085749578,0.267726708957866
0.830285542258746,0.658961220924659,0.263593029091843
0.817015077320755,0.648429034908283,0.259380018178819
0.803505709106077,0.63770724183882,0.255091161987085
0.789768773139656,0.626804838225274,0.250730059236844
0.775815940935411,0.615731087236364,0.246300415315644
0.761659200200613,0.604495502989602,0.2418060359938
0.747310835040255,0.593107834840377,0.237250821139829
0.732783406161429,0.581578051671029,0.232638758435872
0.718089731077697,0.569916326179934,0.227973917093127
0.703242864313469,0.558133019170582,0.223260441567274
0.688256077608375,0.546238663840655,0.218502545273907
0.673142840121636,0.534243950071109,0.213704504303958
0.657916798636444,0.522159708715254,0.208870651139128
0.642591757764331,0.509996895887832,0.204005368367316
0.627181660149547,0.4977665772541,0.199113082398044
0.611700566673429,0.485479912318903,0.194198257177888
0.596162636658781,0.473148138715763,0.189265387905907
0.580582108074241,0.460782556495954,0.184318994749068
0.564973277738663,0.448394512417579,0.179363616557678
0.549350481525484,0.435995384234656,0.174403804580809
0.533728074567102,0.423596564986195,0.169444116181727
0.518120411459249,0.411209447285275,0.164489108553326
0.502541826465365,0.398845407608127,0.159543332433544
0.487006613720971,0.386515790583217,0.154611325820806
0.471529007438044,0.374231893280318,0.149697607689441
0.456123162109391,0.362004949499594,0.144806671705114
0.440803132713025,0.349846114060683,0.139942979940256
0.425582854916534,0.337766447091771,0.135110956589491
0.410476125281458,0.325776898318675,0.130314981685065
0.395496581467665,0.313888291353921,0.125559384812271
0.380657682437722,0.302111307985828,0.120848438824882
0.365972688661269,0.290456472467583,0.116186353560577
0.351454642319394,0.278934135806322,0.111577269556368
0.337116347509008,0.267554460052212,0.107025251764032
0.322970350447217,0.25632740258753,0.102534283265534
0.309028919675698,0.245262700415739,0.0981082589884625
0.295304026265069,0.234369854450573,0.0937509794214495
0.28180732401927,0.223658113805116,0.0894661443296059
0.26855012967993,0.213136460080879,0.0852573464699451
0.255543403130745,0.202813591656882,0.081128065306814
0.242797727601851,0.192697907978733,0.0770816607273206
0.230323289874196,0.182797493847708,0.073121366756761
0.218129860483918,0.173120103709832,0.0692502852740495
0.206226773926717,0.163673145944957,0.0654713797271467
0.194622908862227,0.154463667155841,0.0617874688484856
0.183326668318395,0.145498336457233,0.0582012203704034
0.172345959895848,0.136783429764948,0.0547151447405676
0.161688175972274,0.128324814084944,0.0513315888374035
0.151360173906791,0.120127931802412,0.0480527296855251
0.141368256244324,0.112197784970847,0.0448805681711613
0.131718150919977,0.104538919601129,0.0418169227575849
0.122414991463411,0.0971554099506073,0.0388634232005414
0.113463297203208,0.090050842812174,0.0360215042636756
0.104866953471259,0.0832283018033513,0.0332923994339627
0.0966291918071289,0.076690351655365,0.0306771346371346
0.0887525701624285,0.0704390225022244,0.0281765219531069
0.0812389531051998,0.0644757941698095,0.0257911533314119
0.0740894920242754,0.0588015804649404,0.0235213943066213
0.0673046053336646,0.0534167134644656,0.0213673777137782
0.0608839586769216,0.0483209278043382,0.0193289974038247
0.0548264451315168,0.0435133449686931,0.0174059019590282
0.0491301654132215,0.0389924575789347,0.0155974884084138
0.0437924080804681,0.0347561136828072,0.0139028959431879
0.0388096297387364,0.030801501043483,0.0123209996321703
0.034177435244918,0.0271251314286358,0.0108504041372199
0.0298905579116939,0.023722824899522,0.00948943742866382
0.0259428397119166,0.0205896941000687,0.00823614450072796
0.0223272114829662,0.0177201285459376,0.00708828108696036
0.0190356731311401,0.015107778913618,0.00604330737566405
0.0160592738360246,0.0127455413295059,0.00509838172532451
0.0133880922548548,0.0106255416589704,0.00425035438003385
0.011011216726917,0.00873911979545694,0.00349576118492778
0.00891672547788613,0.00707681394953985,0.00283081730160251
0.00709166682423557,0.00562834493802722,0.00225141092355408
0.00552203937758189,0.00438260047302075,0.0017530969915982
0.0041927722490851,0.00332761945101434,0.00133109090930583
0.00308770525379232,0.00245057624195066,0.000980262258422293
0.00218956911504087,0.00173776497832434,0.00069512851430531
0.0014799656688198,0.00117458384425073,0.000469848761348812
0.000939348068134116,0.000745519364539149,0.000298217408408075
0.000547000987402235,0.000434130693791168,0.000173657904235291
0.000281020826808698,0.000223033905462522,8.92164529022743e-05
0.000118295916682776,9.38862809483076e-05,3.75557292286999e-05
3.4486721882443e-05,2.73705986684192e-05,1.09485942145771e-05
4.00604615746758e-06,3.17942314120856e-06,1.27181046472025e-06
0,0,0
-2.28507500294163e-06,4.88516684660212e-06,1.57571968317782e-06
-1.80689465339096e-05,3.86288495763942e-05,1.24598075206261e-05
-6.02728059033981e-05,0.000128854725892635,4.15623323075653e-05
-0.000141196703131931,0.000301858561357893,9.73650422997352e-05
-0.000272529417792135,0.000582629311858263,0.000187928171853091
-0.00046535832985081,0.000994870226066258,0.000320897248062169
-0.000730179290510999,0.00156101994790214,0.000503509897398891
-0.00107690649305406,0.0023022736189986,0.00074260265235182
-0.00151488234368176,0.00323860398116316,0.0010446177580643
-0.00205288733235829,0.00438878247884023,0.0014156099789735
-0.0026991499036524,0.00577040036157506,0.0018612534054494
-0.00346135632757943,0.00739988978647577,0.00238684826043301
-0.00434666057044342,0.00929254492067688,0.00299732770607619
-0.00536169416567912,0.011462543043802,0.00369726465037901
-0.00651257608469413,0.0139229656504265,0.00449087855383001
-0.00780492260771092,0.0166858195525403,0.00538204223604355
-0.00924385719460893,0.0197620579820117,0.00637428868240009
-0.0108340203557666,0.0231616016930487,0.00747081785068371
-0.0125795795229036,0.0268933600646635,0.00867450347772158
-0.0144842389199227,0.0309652522031341,0.00998789988602256
-0.0165512494337518,0.0353842280444681,0.0114132487904157
-0.0187834184851862,0.0401562894568648,0.0129524861046897
-0.0211831198997308,0.0452865113431788,0.0146072487482312
-0.0237523037784416,0.0507790627433826,0.0163788814526635
-0.0264925063687684,0.0566372279370291,0.0182684435684859
-0.0294048599353966,0.0628634275457152,0.0202767158717114
-0.032490102631089,0.069459239635544,0.0224042073705069
-0.0357485883675286,0.0764254208195883,0.024651162111831
-0.0391802966861599,0.0837619273603529,0.0270175659880729
-0.0427848426290313,0.0914679362722379,0.0295031535436916
-0.0465614866096373,0.0995418664240018,0.0321074147818543
-0.0505091442837604,0.107981399641223,0.0348296019710754
-0.0546263964203132,0.116783501808765,0.0376687364518549
-0.0589114987721804,0.125944443973238,0.0406236154433179
-0.063362391947061,0.135459823445459,0.0436928188498527
-0.0679767112783105,0.145324584902922,0.0468747160677496
-0.0727517966957825,0.155533041492253,0.0501674727918406
-0.0776847025966713,0.166078895931678,0.0535690578221373
-0.0827722077163537,0.176955261613482,0.0570772498704692
-0.0880108249992309,0.188154683706476,0.0606896443671243
-0.0933968114695711,0.199669160258458,0.064403660267486
-0.098926178102351,0.211490163298674,0.0682165468586728
-0.104594699694098,0.223608659940285,0.0721253905661772
-0.110397924733734,0.236015133482825,0.0761271217605037
-0.116331185273412,0.248699604514668,0.0802185215638092
-0.122389606799367,0.261651652015489,0.0843962286565392
-0.128568118102749,0.274860434458727,0.0886567460840693
-0.134861461150472,0.288314710914049,0.0929964480633423
-0.141264200956051,0.302002862149811,0.0974115867895071
-0.147770735450448,0.315912911735521,0.101898299242559
-0.154375305352912,0.330032547144305,0.106452613993975
-0.161072004041821,0.344349140855366,0.111070458013359
-0.167854787425525,0.358849771456448,0.115747663475071
-0.174717483813187,0.373521244746302,0.120479974564877
-0.181653803785627,0.388350114837143,0.125263054286577
-0.188657350066162,0.403322705257119,0.130092491268653
-0.195721627391447,0.418425130052768,0.134963806570903
-0.202840052382323,0.433643314891487,0.139872460491077
-0.210005963414651,0.44896301816399,0.144813859371524
-0.21721263049016,0.464369852086773,0.149783362405824
-0.224453265107287,0.479849303804577,0.154776288445429
-0.231721030132018,0.495386756492849,0.1597879228063
-0.239009049668734,0.510967510460209,0.164813524075551
-0.246310418931047,0.526576804250908,0.169848330918081
-0.253618214112649,0.542199835747293,0.174887568883218
-0.260925502258146,0.557821783272272,0.179926457211355
-0.268225351133908,0.573427826691773,0.184960215640589
-0.275510839098906,0.589003168517209,0.189984071213362
-0.282775064975558,0.604533055007942,0.194993265083097
-0.290011157920565,0.620002797273742,0.199983059320838
-0.297212287295761,0.635397792377255,0.204948743721888
-0.304371672538947,0.650703544436462,0.209885642612451
-0.31148259303474,0.665905685727144,0.214789121656265
-0.318538397985409,0.680989997785342,0.219654594661247
-0.325532516281725,0.695942432509825,0.224477530386127
-0.332458466373792,0.710749133264547,0.22925345934709
-0.339309866141901,0.725396455981114,0.233977980624411
-0.346080442767362,0.739870990261246,0.2386467686691
-0.352764042603352,0.754159580479238,0.243255580109533
-0.359354641045757,0.768249346884427,0.247800260558098
-0.36584635240401,0.782127706703649,0.252276751417829
-0.372233439771938,0.795782395243707,0.256681096689046
-0.3785103248986,0.809201486993832,0.261009449775996
-0.384671598059131,0.822373416728146,0.265258080293487
-0.390712027925584,0.835287000608124,0.269423380873532
-0.396626571437772,0.847931457285057,0.273501873971986
-0.40241038367411,0.860296429002519,0.277490218675182
-0.408058827722458,0.872372002698822,0.281385217506574
-0.41356748455096,0.884148731109484,0.285183823233373
-0.418932162878891,0.895617653869697,0.288883145673186
-0.424148909047492,0.906770318616775,0.292480458500656
-0.429214016890822,0.917598802092633,0.295973206054102
-0.434124037606588,0.928095731246239,0.299359010142152
-0.438875789627,0.938254304336083,0.30263567685039
-0.443466368489602,0.948068312032638,0.305801203347989
-0.447893156708121,0.957532158520819,0.308853784694349
-0.452153833643304,0.966640882602453,0.311791820645742
-0.456246385373766,0.975390178798736,0.314613922461945
-0.460169114566828,0.983776418452699,0.31731891971288
-0.463920650349357,0.991796670831671,0.319905867085254
-0.467499958178615,0.99944872422974,0.322374051189198
-0.470906349713094,1.00673110707021,0.324722997364905
-0.474139492683365,1.01364310900809,0.326952476489268
-0.477199420762911,1.02018480203252,0.329062511782521
-0.480086543438979,1.02635706156925,0.331053385614874
-0.482801655883413,1.03216158758312,0.332925646313157
-0.485345948823505,1.0376009256805,0.334680114967454
-0.487721018412828,1.04267848821174,0.336317892237743
-0.489928876102087,1.04739857537369,0.33784036516054
-0.491971958509954,1.0517663963121,0.339249213955529
-0.493853137293912,1.05578809022412,0.340546418832206
-0.495575729021097,1.05947074746073,0.341734266796517
-0.497143505039147,1.06282243062927,0.342815358457498
-0.498560701347032,1.06585219569581,0.343792614833912
-0.499832028465903,1.06857011308768,0.344669284160887
-0.500962681309932,1.07098728879592,0.345448948696555
-0.50195834905716,1.07311588547773,0.346135531528696
-0.50282522502033,1.07496914355893,0.346733303381371
-0.503570016517734,1.07656140233644,0.34724688942156
-0.504199954744054,1.07790812108074,0.347681276065805
-0.504722804641207,1.07902590013833,0.348041817786847
-0.50514687476918,1.07993250203416,0.348334243920265
-0.505481027176881,1.08064687257416,0.348564665471113
-0.505734687272974,1.08118916194765,0.348739581920563
-0.505917853696724,1.08158074582982,0.348865888032538
-0.506041108188841,1.0818442464842,0.348950880660357
-0.506115625462316,1.0820035538651,0.349002265553368
-0.506153183073269,1.0820838467201,0.349028164163591
-0.506166171291793,1.08211161369249,0.349037120452356
-0.506167595730576,1.08211465894095,0.349038102702928
-0.506167595730576,1.08211465894095,0.349038102702928
-0.506167595730576,1.08211465894095,0.349038102702928
-0.506167595730576,1.08211465894095,0.349038102702928
-0.506167595730576,1.08211465894095,0.349038102702928
-0.506167595730576,1.08211465894095,0.349038102702928
-0.506167595730576,1.08211465894095,0.349038102702928
-0.506167595730576,1.08211465894095,0.349038102702928
-0.506167595730576,1.08211465894095,0.349038102702928
-0.506167595730576,1.08211465894095,0.349038102702928
-0.506167595730576,1.08211465894095,0.349038102702928
-0.506167595730576,1.08211465894095,0.349038102702928
-0.506167595730576,1.08211465894095,0.349038102702928
-0.506167595730576,1.08211465894095,0.349038102702928
-0.506167595730576,1.08211465894095,0.349038102702928
-0.506167595730576,1.08211465894095,0.349038102702928
-0.506167595730576,1.08211465894095,0.349038102702928
-0.506167595730576,1.08211465894095,0.349038102702928
-0.506167595730576,1.08211465894095,0.349038102702928
-0.506167595730576,1.08211465894095,0.349038102702928
-0.506167595730576,1.08211465894095,0.349038102702928
-0.506167595730576,1.08211465894095,0.349038102702928
-0.506167595730576,1.08211465894095,0.349038102702928
-0.506167595730576,1.08211465894095,0.349038102702928
-0.506167595730576,1.08211465894095,0.349038102702928
-0.506167595730576,1.08211465894095,0.349038102702928
-0.506167595730576,1.08211465894095,0.349038102702928
-0.506167595730576,1.08211465894095,0.349038102702928
-0.506167595730576,1.08211465894095,0.349038102702928
-0.506167595730576,1.08211465894095,0.349038102702928
-0.506167595730576,1.08211465894095,0.349038102702928
-0.506165310655573,1.0821097737741,0.349036526983245
-0.506149526784042,1.08207603009137,0.349025642895408
-0.506107322924673,1.08198580421505,0.348996540370621
-0.506026399027444,1.08181280037959,0.348940737660629
-0.505895066312784,1.08153202962909,0.348850174531075
-0.505702237400725,1.08111978871488,0.348717205454866
-0.505437416440065,1.08055363899304,0.348534592805529
-0.505090689237522,1.07981238532195,0.348295500050577
-0.504652713386894,1.07887605495978,0.347993484944864
-0.504114708398218,1.07772587646211,0.347622492723955
-0.503468445826924,1.07634425857937,0.347176849297479
-0.502706239402997,1.07471476915447,0.346651254442495
-0.501820935160133,1.07282211402027,0.346040774996852
-0.500805901564897,1.07065211589714,0.345340838052549
-0.499655019645882,1.06819169329052,0.344547224149098
-0.498362673122865,1.06542883938841,0.343656060466885
-0.496923738535967,1.06235260095894,0.342663814020528
-0.495333575374809,1.0589530572479,0.341567284852245
-0.493588016207673,1.05522129887628,0.340363599225207
-0.491683356810653,1.05114940673781,0.339050202816906
-0.489616346296824,1.04673043089648,0.337624853912513
-0.48738417724539,1.04195836948408,0.336085616598239
-0.484984475830845,1.03682814759777,0.334430853954697
-0.482415291952135,1.03133559619756,0.332659221250265
-0.479675089361808,1.02547743100392,0.330769659134442
-0.47676273579518,1.01925123139523,0.328761386831217
-0.473677493099487,1.0126554193054,0.326633895332421
-0.470419007363048,1.00568923812136,0.324386940591097
-0.466987299044416,0.998352731580594,0.322020536714855
-0.463382753101545,0.990646722668709,0.319534949159237
-0.459606109120939,0.982572792516945,0.316930687921074
-0.455658451446816,0.974133259299723,0.314208500731853
-0.451541199310263,0.965331157132181,0.311369366251073
-0.447256096958396,0.956170214967709,0.30841448725961
-0.442805203783515,0.946654835495487,0.305345283853076
-0.438190884452266,0.936790074038024,0.302163386635179
-0.433415799034794,0.926581617448693,0.298870629911088
-0.428482893133905,0.916035763009269,0.295469044880791
-0.423395388014222,0.905159397327465,0.291960852832459
-0.418156770731345,0.89395997523447,0.288348458335804
-0.412770784261005,0.882445498682489,0.284634442435442
-0.407241417628225,0.870624495642272,0.280821555844255
-0.401572896036478,0.858505999000662,0.276912712136751
-0.395769670996843,0.846099525458122,0.272910980942425
-0.389836410457164,0.833415054426279,0.268819581139119
-0.383777988931209,0.820463006925458,0.264641874046389
-0.377599477627827,0.80725422448222,0.260381356618859
-0.371306134580104,0.793799948026897,0.256041654639586
-0.364903394774525,0.780111796791136,0.251626515913421
-0.358396860280128,0.766201747205426,0.24713980346037
-0.351792290377664,0.752082111796642,0.242585488708953
-0.345095591688755,0.737765518085581,0.23796764468957
-0.338312808305051,0.723264887484498,0.233290439227857
-0.331450111917389,0.708593414194645,0.228558128138052
-0.324513791944949,0.693764544103803,0.223775048416351
-0.317510245664414,0.678791953683828,0.218945611434275
-0.310445968339129,0.663689528888179,0.214074296132026
-0.303327543348253,0.64847134404946,0.209165642211851
-0.296161632315925,0.633151640776957,0.204224243331404
-0.288954965240416,0.617744806854174,0.199254740297104
-0.281714330623289,0.60226535513637,0.1942618142575
-0.274446565598558,0.586727902448097,0.189250179896628
-0.267158546061842,0.571147148480737,0.184224578627378
-0.259857176799529,0.555537854690039,0.179189771784847
-0.252549381617928,0.539914823193654,0.17415053381971
-0.245242093472431,0.524292875668675,0.169111645491574
-0.237942244596668,0.508686832249174,0.164077887062339
-0.23065675663167,0.493111490423738,0.159054031489566
-0.223392530755018,0.477581603933005,0.154044837619832
-0.216156437810011,0.462111861667205,0.149055043382091
-0.208955308434815,0.446716866563692,0.14408935898104
-0.201795923191629,0.431411114504484,0.139152460090478
-0.194685002695836,0.416208973213803,0.134248981046663
-0.187629197745167,0.401124661155605,0.129383508041681
-0.180635079448851,0.386172226431122,0.124560572316801
-0.173709129356784,0.3713655256764,0.119784643355838
-0.166857729588675,0.356718202959833,0.115060122078517
-0.160087152963214,0.342243668679701,0.110391334033829
-0.153403553127224,0.327955078461709,0.105782522593395
-0.146812954684819,0.31386531205652,0.10123784214483
-0.140321243326566,0.299986952237298,0.0967613512850993
-0.133934155958638,0.286332263697239,0.0923570060138821
-0.127657270831976,0.272913171947115,0.0880286529269327
-0.121495997671446,0.2597412422128,0.0837800224094414
-0.115455567804993,0.246827658332823,0.0796147218293959
-0.109541024292804,0.234183201655889,0.0755362287309422
-0.103757212056466,0.221818229938428,0.0715478840277459
-0.0981087680081181,0.209742656242125,0.0676528851963543
-0.092600111179616,0.197965927831462,0.0638542794695558
-0.0872354328516856,0.18649700507125,0.0601549570297428
-0.0820186866830839,0.175344340324171,0.0565576442022724
-0.0769535788397546,0.164515856848313,0.0530648966488267
-0.072043558123988,0.154018927694707,0.0496790925607764
-0.0672918061035762,0.143860354604863,0.0464024258525382
-0.0627012272409739,0.134046346908309,0.0432368993549397
-0.0582744390224554,0.124582500420127,0.040184318008579
-0.0540137620872718,0.115473776338494,0.0372462820571859
-0.0499212103568097,0.106724480142211,0.0344241802409835
-0.0459984811637484,0.0983382404882471,0.0317191829900487
-0.0422469453812193,0.0903179881092759,0.0291322356176746
-0.0386676375519609,0.0826659347112069,0.02666405151373
-0.035261246017482,0.0753835518707335,0.0243151053380237
-0.0320281030472111,0.0684715499328532,0.0220856262136599
-0.0289681749676647,0.0619298569084252,0.0199755909204073
-0.0260810522915976,0.0557575973716928,0.0179847170880545
-0.0233659398471628,0.0499530713578231,0.0161124563897717
-0.020821646907071,0.0445137332604499,0.0143579877354747
-0.0184465773177476,0.0394361707292052,0.0127202104651849
-0.0162387196284891,0.0347160835672571,0.0111977375423882
-0.0141956372206224,0.0303482626288463,0.00978888874739914
-0.0123144584366645,0.0263265687168301,0.00849168387072208
-0.0105918667094792,0.0226439114802144,0.00730383590641148
-0.00902409069142918,0.0192922283116794,0.0062227442454299
-0.00760689438354462,0.0162624632451398,0.00524548786901646
-0.00633556726467338,0.0135445458532648,0.00436881854204163
-0.00520491442064364,0.0111273701450254,0.00358915400637283
-0.00420924667341638,0.0089987734632202,0.00290257117423209
-0.00334237071024623,0.0071455153820188,0.00230479932155747
-0.00259757921284187,0.00555325660450334,0.00179121328136844
-0.00196764098652202,0.00420653786020297,0.00135682663712378
-0.00144479108936924,0.00308875880261983,0.000996284916081391
-0.00102072096139594,0.00218215690678658,0.000703858782663769
-0.000686568553695532,0.00146778636678535,0.000473437231815366
-0.000432908457602355,0.000925496993293251,0.000298520782365586
-0.000249742033852529,0.00053391311112172,0.000172214670390414
-0.000126487541735387,0.000270412456743419,8.72220425709447e-05
-5.19702682604262e-05,0.000111105075844442,3.5837149559903e-05
-1.44126573068393e-05,3.08122208485528e-05,9.93853933706212e-06
-1.42443878348164e-06,3.04524845429199e-06,9.82250571990306e-07
0,0,0
4.73235610177624e-06,3.75586349021795e-06,1.50239407537001e-06
3.74274830561268e-05,2.97045518384831e-05,1.18822057326717e-05
0.000124870803912597,9.9104480586476e-05,3.96430767166667e-05
0.000292581358322881,0.000232208992313243,9.28866065599276e-05
0.000564831598166825,0.000448282067555095,0.000179318637155257
0.000964667183178421,0.000765614035725504,0.000306255537327216
0.00151392677657181,0.00120153728603567,0.000480630487403433
0.00223326184066728,0.00177244197841508,0.000708999763786355
0.00314215643251727,0.00249379175443076,0.000997549023525668
0.00425894699953236,0.00338013944820759,0.00135209958888871
0.00560084217510728,0.00444514279734975,0.00177811473193379
0.00718394257424691,0.00570158015385891,0.00228070595908014
0.00902326058919227,0.00716136619505603,0.00286463929568104
0.0111327401850465,0.00883556763450066,0.00353434157059485
0.013525276695401,0.0107344189329119,0.00429390670075658
0.0162127366179611,0.0128673380090871,0.00514710197574986
0.0192059774101724,0.0152429419508242,0.00609737434237911
0.0225148672848468,0.0178690627258395,0.00714785668924023
0.026148305005788,0.0207527628926902,0.00830137413129273
0.0301142396834181,0.0239003513116924,0.00956045029443175
0.0344196905704033,0.0273173988558428,0.0109273136000592
0.0390707668572798,0.0310087541217385,0.0124039035496564
0.0440726874680802,0.0349785591404967,0.0139918770093543
0.0494298008559589,0.0392302650886758,0.0156926144945064
0.0551456047988188,0.0437666479991938,0.0175072264542604
0.0612227661949367,0.0485898244722511,0.019436559556129
0.0676631408585895,0.0537012673862485,0.0214812029705624
0.0744677933156805,0.0591018216087082,0.0236414946555199
0.0816370165993649,0.0647917197071939,0.0259175276410408
0.0891703520456761,0.0707705976602309,0.0283091563138178
0.0970666090891518,0.0770375105682268,0.0308160027017668
0.105323885058459,0.0835909483643904,0.0334374627585996
0.113939584972023,0.0904288515256537,0.0361727126483957
0.122910441333648,0.0975486267835906,0.0390207150301736
0.13223253392815,0.104947162835337,0.0419802253424626
0.141901309616975,0.112620846054513,0.0450497980878746
0.151911602133833,0.12056557620214,0.0482277931176758
0.162257651880318,0.128776782137563,0.0515123819163579
0.172933125721537,0.137249437529371,0.054901553886211
0.183931136781734,0.145978076566315,0.0583931226318937
0.195244264239918,0.154956809668232,0.0619847322450062
0.206864573125489,0.16417933919696,0.0656738635886613
0.218783634113861,0.173638975167262,0.0694578405820563
0.230992543322091,0.183328650957747,0.073333836485044
0.243481942104506,0.193240939021786,0.0772988801827057
0.256242036848325,0.203368066598434,0.081349862469922
0.269262618769287,0.213701931423353,0.0854835423359448
0.282533083707278,0.224234117439729,0.0896965532489689
0.296042451921956,0.234955910509192,0.0939854094407033
0.309779387888377,0.245858314122738,0.0983465121909439
0.323732220092621,0.256932065111648,0.102776156112145
0.337888960827419,0.26816764935841,0.107270535433988
0.352237325987777,0.279555317507635,0.111825750287959
0.366764754866604,0.291085100676983,0.116437812991916
0.381458429950336,0.302746826168078,0.121102654334661
0.396305296714564,0.31453013317743,0.125816129860514
0.411292083419658,0.326424488507357,0.130574026153881
0.426405320906397,0.338419202276903,0.13537206712383
0.441631362391589,0.350503443632757,0.14020592028866
0.456956403263701,0.362666256460179,0.145071203060472
0.472366500878486,0.374896575093912,0.149963489029744
0.487847594354603,0.387183240029109,0.1548783142499
0.503385524369252,0.399515013632249,0.159811183521881
0.518966052953791,0.411880595852058,0.16475757667872
0.534574883289369,0.424268639930433,0.16971295487011
0.550197679502549,0.436667768113356,0.17467276684698
0.565820086460931,0.449066587361817,0.179632455246061
0.581427749568783,0.461453705062737,0.184587462874463
0.597006334562668,0.473817744739884,0.189533238994244
0.612541547307062,0.486147361764794,0.194465245606982
0.628019153589989,0.498431259067694,0.199378963738348
0.643424998918641,0.510658202848417,0.204269899722675
0.658745028315008,0.522817038287329,0.209133591487533
0.673965306111499,0.534896705256241,0.213965614838297
0.689072035746574,0.546886254029337,0.218761589742723
0.704051579560367,0.558774860994091,0.223517186615517
0.718890478590311,0.570551844362184,0.228228132602906
0.733575472366764,0.582206679880429,0.232890217867211
0.748093518708639,0.59372901654169,0.23749930187142
0.762431813519025,0.605108692295799,0.242051319663757
0.776577810580816,0.616335749760482,0.246542288162254
0.790519241352335,0.627400451932273,0.250968312439326
0.804244134762964,0.638293297897439,0.255325592006339
0.817740837008762,0.649005038542896,0.259610427098182
0.830998031348102,0.659526692267133,0.263819224957843
0.844004757897288,0.66984956069113,0.267948506120974
0.856750433426182,0.679965244369279,0.271994910700468
0.869224871153837,0.689865658500304,0.275955204671027
0.881418300544115,0.69954304863818,0.279826286153739
0.893321387101315,0.708990006403055,0.283605191700642
0.904925252165805,0.718199485192171,0.287289102579303
0.916221492709638,0.727164815890779,0.290875351057385
0.927202201132184,0.735879722583064,0.294361426687221
0.937859985055759,0.744338338263068,0.297744982590384
0.948187987121242,0.752535220545599,0.301023841742263
0.958179904783708,0.760465367377165,0.304196003256627
0.967830010108055,0.768124232746883,0.307259648670204
0.977133169564622,0.775507742397404,0.310213148227247
0.986084863824825,0.782612309535838,0.313055067164113
0.994681207556774,0.78943485054466,0.315784171993825
1.0029189692209,0.795972800692647,0.318399436790654
1.0107955908656,0.802224129845788,0.320900049474681
1.01830920792283,0.808187358178202,0.323285418096376
1.02545866900376,0.813861571883072,0.325555177121167
1.03224355569437,0.819246438883546,0.32770919371401
1.03866420235111,0.824342224543674,0.329747574023963
1.04472171589652,0.829149807379319,0.33167066946876
1.05041799561481,0.833670694769077,0.333479083019374
1.05575575294756,0.837907038665205,0.3351736754846
1.0607385312893,0.841861651304529,0.336755571795618
1.06537072578311,0.845538020919376,0.338226167290568
1.06965760311634,0.84894032744849,0.339587133999124
1.07360532131612,0.852073458247943,0.34084042692706
1.07722094954507,0.854943023802074,0.341988290340828
1.08051248789689,0.857555373434394,0.343033264052124
1.08348888719201,0.859917611018506,0.343978189702464
1.08616006877318,0.862037610689041,0.344826217047754
1.08853694430112,0.863924032552555,0.34558081024286
1.09063143555015,0.865586338398472,0.346245754126186
1.0924564942038,0.867034807409985,0.346825160504234
1.09402612165045,0.868280551874991,0.34732347443619
1.09535538877895,0.869335532896997,0.347745480518483
1.09646045577424,0.870212576106061,0.348096309169366
1.09735859191299,0.870925387369687,0.348381442913483
1.09806819535921,0.871488568503761,0.348606722666439
1.0986088129599,0.871917632983473,0.34877835401938
1.09900116004063,0.872229021654221,0.348902913523553
1.09926714020122,0.872440118442549,0.348987354974886
1.09942986511135,0.872569266067064,0.349039015698559
1.09951367430615,0.872635781749343,0.349065622833574
1.09954415498188,0.872659972924871,0.349075299617323
1.09954816102803,0.872663152348012,0.349076571427788
1.09954816102803,0.872663152348012,0.349076571427788
1.09954816102803,0.872663152348012,0.349076571427788
1.09954816102803,0.872663152348012,0.349076571427788
1.09954816102803,0.872663152348012,0.349076571427788
1.09954816102803,0.872663152348012,0.349076571427788
1.09954816102803,0.872663152348012,0.349076571427788
1.09954816102803,0.872663152348012,0.349076571427788
1.09954816102803,0.872663152348012,0.349076571427788
1.09954816102803,0.872663152348012,0.349076571427788
1.09954816102803,0.872663152348012,0.349076571427788
1.09954816102803,0.872663152348012,0.349076571427788
1.09954816102803,0.872663152348012,0.349076571427788
1.09954816102803,0.872663152348012,0.349076571427788
1.09954816102803,0.872663152348012,0.349076571427788
1.09954816102803,0.872663152348012,0.349076571427788
1.09954816102803,0.872663152348012,0.349076571427788
1.09954816102803,0.872663152348012,0.349076571427788
1.09954816102803,0.872663152348012,0.349076571427788
1.09954816102803,0.872663152348012,0.349076571427788
1.09954816102803,0.872663152348012,0.349076571427788
1.09954816102803,0.872663152348012,0.349076571427788
1.09954816102803,0.872663152348012,0.349076571427788
1.09954816102803,0.872663152348012,0.349076571427788
1.09954816102803,0.872663152348012,0.349076571427788
1.09954816102803,0.872663152348012,0.349076571427788
1.09954816102803,0.872663152348012,0.349076571427788
1.09954816102803,0.872663152348012,0.349076571427788
1.09954816102803,0.872663152348012,0.349076571427788
1.09954816102803,0.872663152348012,0.349076571427788
1.09954816102803,0.872663152348012,0.349076571427788
1.09954342867193,0.872659396484522,0.349075069033713
1.09951073354498,0.872633447796173,0.349064689222055
1.09942329022412,0.872564047867425,0.349036928351071
1.09925557966971,0.872430943355698,0.348983684821228
1.09898332942987,0.872214870280457,0.348897252790633
1.09858349384485,0.871897538312286,0.348770315890461
1.09803423425146,0.871461615061976,0.348595940940385
1.09731489918737,0.870890710369597,0.348367571664002
1.09640600459552,0.870169360593581,0.348079022404262
1.0952892140285,0.869283012899804,0.347724471838899
1.09394731885293,0.868218009550662,0.347298456695854
1.09236421845379,0.866961572194153,0.346795865468708
1.09052490043884,0.865501786152956,0.346211932132107
1.08841542084299,0.863827584713511,0.345542229857193
1.08602288433263,0.8619287334151,0.344782664727032
1.08333542441007,0.859795814338925,0.343929469452038
1.08034218361786,0.857420210397188,0.342979197085409
1.07703329374319,0.854794089622172,0.341928714738548
1.07339985602224,0.851910389455322,0.340775197296495
1.06943392134461,0.84876280103632,0.339516121133356
1.06512847045763,0.845345753492169,0.338149257827729
1.06047739417075,0.841654398226273,0.336672667878132
1.05547547355995,0.837684593207515,0.335084694418434
1.05011836017207,0.833432887259336,0.333383956933282
1.04440255622921,0.828896504348818,0.331569344973528
1.0383253948331,0.824073327875761,0.329640011871659
1.03188502016944,0.818961884961763,0.327595368457226
1.02508036771235,0.813561330739304,0.325435076772268
1.01791114442867,0.807871432640818,0.323159043786747
1.01037780898236,0.801892554687781,0.32076741511397
1.00248155193888,0.795625641779785,0.318260568726021
0.994224275969573,0.789072203983621,0.315639108669189
0.98560857605601,0.782234300822358,0.312903858779392
0.976637719694384,0.775114525564421,0.310055856397615
0.967315627099883,0.767715989512675,0.307096346085326
0.957646851411058,0.760042306293499,0.304026773339914
0.9476365588942,0.752097576145872,0.300848778310112
0.937290509147715,0.743886370210449,0.29756418951143
0.926615035306496,0.735413714818641,0.294175017541577
0.915617024246299,0.726685075781697,0.290683448795894
0.904303896788115,0.71770634267978,0.287091839182782
0.892683587902544,0.708483813151052,0.283402707839127
0.880764526914172,0.699024177180749,0.279618730845732
0.868555617705941,0.689334501390265,0.275742734942744
0.856066218923526,0.679422213326226,0.271777691245082
0.843306124179708,0.669295085749578,0.267726708957866
0.830285542258746,0.658961220924659,0.263593029091843
0.817015077320755,0.648429034908283,0.259380018178819
0.803505709106077,0.63770724183882,0.255091161987085
0.789768773139656,0.626804838225274,0.250730059236844
0.775815940935411,0.615731087236364,0.246300415315644
0.761659200200613,0.604495502989602,0.2418060359938
0.747310835040255,0.593107834840377,0.237250821139829
0.732783406161429,0.581578051671029,0.232638758435872
0.718089731077697,0.569916326179934,0.227973917093127
0.703242864313469,0.558133019170582,0.223260441567274
0.688256077608375,0.546238663840655,0.218502545273907
0.673142840121636,0.534243950071109,0.213704504303958
0.657916798636444,0.522159708715254,0.208870651139128
0.642591757764331,0.509996895887832,0.204005368367316
0.627181660149547,0.4977665772541,0.199113082398044
0.611700566673429,0.485479912318903,0.194198257177888
0.596162636658781,0.473148138715763,0.189265387905907
0.580582108074241,0.460782556495954,0.184318994749068
0.564973277738663,0.448394512417579,0.179363616557678
0.549350481525484,0.435995384234656,0.174403804580809
0.533728074567102,0.423596564986195,0.169444116181727
0.518120411459249,0.411209447285275,0.164489108553326
0.502541826465365,0.398845407608127,0.159543332433544
0.487006613720971,0.386515790583217,0.154611325820806
0.471529007438044,0.374231893280318,0.149697607689441
0.456123162109391,0.362004949499594,0.144806671705114
0.440803132713025,0.349846114060683,0.139942979940256
0.425582854916534,0.337766447091771,0.135110956589491
0.410476125281458,0.325776898318675,0.130314981685065
0.395496581467665,0.313888291353921,0.125559384812271
0.380657682437722,0.302111307985828,0.120848438824882
0.365972688661269,0.290456472467583,0.116186353560577
0.351454642319394,0.278934135806322,0.111577269556368
0.337116347509008,0.267554460052212,0.107025251764032
0.322970350447217,0.25632740258753,0.102534283265534
0.309028919675698,0.245262700415739,0.0981082589884625
0.295304026265069,0.234369854450573,0.0937509794214495
0.28180732401927,0.223658113805116,0.0894661443296059
0.26855012967993,0.213136460080879,0.0852573464699451
0.255543403130745,0.202813591656882,0.081128065306814
0.242797727601851,0.192697907978733,0.0770816607273206
0.230323289874196,0.182797493847708,0.073121366756761
0.218129860483918,0.173120103709832,0.0692502852740495
0.206226773926717,0.163673145944957,0.0654713797271467
0.194622908862227,0.154463667155841,0.0617874688484856
0.183326668318395,0.145498336457233,0.0582012203704034
0.172345959895848,0.136783429764948,0.0547151447405676
0.161688175972274,0.128324814084944,0.0513315888374035
0.151360173906791,0.120127931802412,0.0480527296855251
0.141368256244324,0.112197784970847,0.0448805681711613
0.131718150919977,0.104538919601129,0.0418169227575849
0.122414991463411,0.0971554099506073,0.0388634232005414
0.113463297203208,0.090050842812174,0.0360215042636756
0.104866953471259,0.0832283018033513,0.0332923994339627
0.0966291918071289,0.076690351655365,0.0306771346371346
0.0887525701624285,0.0704390225022244,0.0281765219531069
0.0812389531051998,0.0644757941698095,0.0257911533314119
0.0740894920242754,0.0588015804649404,0.0235213943066213
0.0673046053336646,0.0534167134644656,0.0213673777137782
0.0608839586769216,0.0483209278043382,0.0193289974038247
0.0548264451315168,0.0435133449686931,0.0174059019590282
0.0491301654132215,0.0389924575789347,0.0155974884084138
0.0437924080804681,0.0347561136828072,0.0139028959431879
0.0388096297387364,0.030801501043483,0.0123209996321703
0.034177435244918,0.0271251314286358,0.0108504041372199
0.0298905579116939,0.023722824899522,0.00948943742866382
0.0259428397119166,0.0205896941000687,0.00823614450072796
0.0223272114829662,0.0177201285459376,0.00708828108696036
0.0190356731311401,0.015107778913618,0.00604330737566405
0.0160592738360246,0.0127455413295059,0.00509838172532451
0.0133880922548548,0.0106255416589704,0.00425035438003385
0.011011216726917,0.00873911979545694,0.00349576118492778
0.00891672547788613,0.00707681394953985,0.00283081730160251
0.00709166682423557,0.00562834493802722,0.00225141092355408
0.00552203937758189,0.00438260047302075,0.0017530969915982
0.0041927722490851,0.00332761945101434,0.00133109090930583
0.00308770525379232,0.00245057624195066,0.000980262258422293
0.00218956911504087,0.00173776497832434,0.00069512851430531
0.0014799656688198,0.00117458384425073,0.000469848761348812
0.000939348068134116,0.000745519364539149,0.000298217408408075
0.000547000987402235,0.000434130693791168,0.000173657904235291
0.000281020826808698,0.000223033905462522,8.92164529022743e-05
0.000118295916682776,9.38862809483076e-05,3.75557292286999e-05
3.4486721882443e-05,2.73705986684192e-05,1.09485942145771e-05
4.00604615746758e-06,3.17942314120856e-06,1.27181046472025e-06
0,0,0
-7.09063179115106e-07,4.8850419198665e-06,1.49687431449941e-06
-5.60682979361908e-06,3.86278675661433e-05,1.18363493557538e-05
-1.87027735587586e-05,0.000128851469856972,3.94826613097088e-05
-4.38136292787919e-05,0.000301850980262808,9.24931631200998e-05
-8.45664557090727e-05,0.000582614770182621,0.000178524790370949
-0.000144401698418134,0.000994845552322543,0.000304840527170613
-0.000226576252649769,0.00156098148207251,0.000478315872034285
-0.00033416652618512,0.0023022172588838,0.000705445303766927
-0.000470071502204758,0.00323852522764567,0.000992348747346883
-0.000637015802150766,0.00438867648006358,0.00134477803980793
-0.000837552748588824,0.00577026195603603,0.00176812339612309
-0.00107406742807029,0.00739971354503188,0.00226741987508805
-0.0013487797539943,0.00929232518746792,0.00284735384520274
-0.00166374752946981,0.0114622739760855,0.00351226945055605
-0.00202086951017773,0.0139226412573286,0.00426617507670723
-0.00242188846723298,0.0166854337327205,0.00511274981657039
-0.00286839425004658,0.019761604560242,0.00605534993629675
-0.00336182684918771,0.0231610744557074,0.00709701534115781
-0.00390347945924585,0.0268927527941429,0.00824047604142852
-0.0044945015416928,0.0309645587111635,0.00948815861827002
-0.00513590188774481,0.0353834422043502,0.0108421926896127
-0.00582855168122464,0.0401554052346274,0.01230441737604
-0.00657318756142366,0.0452855228276401,0.0138763877666703
-0.00737041468596389,0.0507779641751316,0.0155593813850405
-0.00822070979366015,0.0566360137363204,0.0173544046549898
-0.0091244242673821,0.0628620923392775,0.0192621993665409
-0.0100817871969163,0.0694577782823043,0.0212832491417851
-0.0110929084418285,0.0764238284353083,0.0234177859007636
-0.0121577816943252,0.0837601993411827,0.0256657963273519
-0.0132762875421165,0.0914660683171822,0.0280270283351416
-0.0144481965312774,0.0995398545563,0.0305009975333248
-0.0156731722291105,0.107979240228647,0.0330869936925762
-0.0169507742870077,0.116781191582826,0.0357840872109358
-0.0182804615033126,0.125941980047312,0.0385911355796931
-0.0196615948861821,0.135457203331828,0.0415067898492694
-0.0210934407164491,0.145321806528724,0.0445295010951008
-0.022575173610484,0.155530103214351,0.0476575268835215
-0.0241058795830573,0.166075796550441,0.0508889377376467
-0.0256845591102013,0.176952000385483,0.0542216236032558
-0.0273101301920722,0.188151260356101,0.0576533003146746
-0.0289814314158127,0.199665574988433,0.0611815160606606
-0.0306972250184132,0.211486416799503,0.0648036578502826
-0.0324561999495747,0.223604753398605,0.068516957978807
-0.0342569749345704,0.236011068588674,0.0723185004935787
-0.0360981015371081,0.24869538346767,0.0762052276599052
-0.0379780672221919,0.261647277529948,0.0801739464269393
-0.0398952984189847,0.274855909767641,0.0842213348935619
-0.04184816358367,0.288310039772035,0.0883439487742659
-0.043834976262314,0.301998048834946,0.0925382278650377
-0.045853998153728,0.315907961050098,0.0968005025092422
-0.0479034421723299,0.3300274644145,0.101127000063504
-0.0499814755110069,0.344343931929824,0.105513851363592
-0.0520862227039772,0.358844442703782,0.1099570971903
-0.0542157686896522,0.373515803051501,0.114452694735333
-0.0563681618734986,0.388344567596905,0.11899652406719
-0.0585414171909003,0.403317060374089,0.123584394597042
-0.060733519170021,0.418419395928695,0.128212051544621
-0.0629424249946655,0.433637500419293,0.132875182404101
-0.0651660675671424,0.448957132718756,0.137569423409979
-0.0674023585711261,0.464363905515639,0.142290366002963
-0.0696491915345186,0.479843306415553,0.147033563295848
-0.0719044448923119,0.495380719042546,0.151794536539406
-0.0741659850494498,0.510961444140479,0.156568781588264
-0.0764316694436902,0.526570720674401,0.16135177536679
-0.0786993496084672,0.542193746931932,0.166138982334974
-0.0809668742357529,0.557815701624633,0.170925860954314
-0.0832320922389199,0.573421764989388,0.175707870153696
-0.0854928558156028,0.588997139889781,0.180480475795276
-0.0877470235105611,0.604527072917472,0.185239157140369
-0.0899924632785407,0.619996875493577,0.189979413315326
-0.0922270555471356,0.635391944970037,0.194696769777418
-0.0944486962796514,0.65069778573101,0.199386784780723
-0.0966553000379656,0.665900030294233,0.204045055842006
-0.0988448030453913,0.680984460412409,0.208667226206599
-0.101015166249538,0.695937028174581,0.213248991314292
-0.103164378385174,0.710743877107509,0.217786105265208
-0.10529045903709,0.725391363277049,0.222274387285692
-0.107391461702959,0.739866076389529,0.226709728194188
-0.109465476856199,0.754154860893125,0.231088096867129
-0.111510635008835,0.768244837079243,0.235405546704815
-0.113525109774363,0.78212342218389,0.239658222097297
-0.115507120930609,0.795778351489056,0.243842364890263
-0.117454937482594,0.809197699424088,0.247954320850916
-0.119366880725394,0.822369900667074,0.25199054613386
-0.121241327307002,0.83528377124621,0.255947613746985
-0.123076712291193,0.847928529641185,0.259822220017346
-0.12487153222038,0.860293817884554,0.263611191057047
-0.126624348178485,0.872369722663122,0.267311489229126
-0.128333788853793,0.884146796419311,0.270920219613438
-0.129998553601818,0.895616078452547,0.274434636472535
-0.131617415508164,0.90676911602063,0.277852149717552
-0.133189224451387,0.917597985441118,0.281170331374088
-0.134712910165859,0.928095313192696,0.284386922048091
-0.136187485304627,0.938254297016564,0.28749983739174
-0.137612048502277,0.948068727017801,0.290507174569326
-0.138985787437796,0.957533006766758,0.293407218723142
-0.140307981897435,0.966642174400423,0.296198449439356
-0.141578006837566,0.975391923723798,0.298879547213902
-0.142795335447552,0.983778625311289,0.301449399918359
-0.143959542212603,0.991799347608067,0.303907109265836
-0.145070305976641,0.999451878031462,0.306251997276855
-0.146127413005161,1.00673474407232,0.308483612745231
-0.147130760048093,1.0136472343964,0.310601737703961
-0.148080357402663,1.02018941994575,0.312606393891099
-0.14897633197626,1.02636217504005,0.314497849215647
-0.149818930349292,1.03216719847806,0.316276624223433
-0.15060852183805,1.0376070346389,0.317943498562996
-0.151345601557573,1.04268509458354,0.319499517451468
-0.152030793484505,1.04740567715607,0.320945998140458
-0.152664853519964,1.05177399008515,0.322284536381935
-0.153248672552395,1.05579617108536,0.323517012894111
-0.15378327952044,1.05947930895857,0.32464559982732
-0.154269844475797,1.06283146469535,0.32567276722991
-0.154709681646082,1.06586169257631,0.326601289514119
-0.15510425249769,1.06858006127348,0.327434251921959
-0.155455168798661,1.07099767495173,0.328175056991099
-0.155764195681536,1.07312669437009,0.32882743102075
-0.156033254706225,1.07498035798317,0.329395430537549
-0.156264426922867,1.07657300304252,0.329883448761436
-0.156459955934691,1.077920086698,0.330296222071545
-0.156622250960876,1.07903820709917,0.330638836472079
-0.156753889899422,1.07994512449667,0.330916734058201
-0.156857622389998,1.08065978234358,0.331135719481908
-0.15693637287682,1.08120232839682,0.331301966417926
-0.156993243671501,1.08159413581851,0.33142202402958
-0.157031518015915,1.08185782427735,0.331502823434687
-0.157054663145068,1.08201728105,0.331551684171434
-0.157066333349947,1.08209768212246,0.331576320664262
-0.157070373040391,1.08212551329145,0.33158484868975
-0.157070817636838,1.08212857630804,0.33158578725915
-0.157070817636838,1.08212857630804,0.33158578725915
-0.157070817636838,1.08212857630804,0.33158578725915
-0.157070817636838,1.08212857630804,0.33158578725915
-0.157070817636838,1.08212857630804,0.33158578725915
-0.157070817636838,1.08212857630804,0.33158578725915
-0.157070817636838,1.08212857630804,0.33158578725915
-0.157070817636838,1.08212857630804,0.33158578725915
-0.157070817636838,1.08212857630804,0.33158578725915
-0.157070817636838,1.08212857630804,0.33158578725915
-0.157070817636838,1.08212857630804,0.33158578725915
-0.157070817636838,1.08212857630804,0.33158578725915
-0.157070817636838,1.08212857630804,0.33158578725915
-0.157070817636838,1.08212857630804,0.33158578725915
-0.157070817636838,1.08212857630804,0.33158578725915
-0.157070817636838,1.08212857630804,0.33158578725915
-0.157070817636838,1.08212857630804,0.33158578725915
-0.157070817636838,1.08212857630804,0.33158578725915
-0.157070817636838,1.08212857630804,0.33158578725915
-0.157070817636838,1.08212857630804,0.33158578725915
-0.157070817636838,1.08212857630804,0.33158578725915
-0.157070817636838,1.08212857630804,0.33158578725915
-0.157070817636838,1.08212857630804,0.33158578725915
-0.157070817636838,1.08212857630804,0.33158578725915
-0.157070817636838,1.08212857630804,0.33158578725915
-0.157070817636838,1.08212857630804,0.33158578725915
-0.157070817636838,1.08212857630804,0.33158578725915
-0.157070817636838,1.08212857630804,0.33158578725915
-0.157070817636838,1.08212857630804,0.33158578725915
-0.157070817636838,1.08212857630804,0.33158578725915
-0.157070817636838,1.08212857630804,0.33158578725915
-0.157070108573659,1.08212369126612,0.331584290384835
-0.157065210807045,1.08208994844048,0.331573950909794
-0.15705211486328,1.08199972483819,0.33154630459784
-0.15702700400756,1.08182672532778,0.33149329409603
-0.156986251181129,1.08154596153786,0.331407262468779
-0.15692641593842,1.08113373075572,0.331280946731979
-0.156844241384189,1.08056759482597,0.331107471387116
-0.156736651110653,1.07982635904916,0.330880341955383
-0.156600746134634,1.0788900510804,0.330593438511803
-0.156433801834688,1.07773989982798,0.330241009219342
-0.15623326488825,1.07635831435201,0.329817663863027
-0.155996750208768,1.07472886276301,0.329318367384062
-0.155722037882844,1.07283625112058,0.328738433413947
-0.155407070107369,1.07066630233196,0.328073517808594
-0.155049948126661,1.06820593505072,0.327319612182443
-0.154648929169605,1.06544314257532,0.326473037442579
-0.154202423386792,1.0623669717478,0.325530437322853
-0.153708990787651,1.05896750185234,0.324488771917992
-0.153167338177593,1.0552358235139,0.323345311217721
-0.152576316095146,1.05116401759688,0.32209762864088
-0.151934915749094,1.04674513410369,0.320743594569537
-0.151242265955614,1.04197317107342,0.31928136988311
-0.150497630075415,1.0368430534804,0.31770939949248
-0.149700402950875,1.03135061213291,0.316026405874109
-0.148850107843178,1.02549256257172,0.31423138260416
-0.147946393369456,1.01926648396877,0.312323587892609
-0.146989030439922,1.01267079802574,0.310302538117365
-0.14597790919501,1.00570474787274,0.308168001358386
-0.144913035942513,0.998368376966861,0.305919990931798
-0.143794530094722,0.990662507990862,0.303558758924008
-0.142622621105561,0.982588721751744,0.301084789725825
-0.141397645407728,0.974149336079398,0.298498793566574
-0.140120043349831,0.965347384725219,0.295801700048214
-0.138790356133526,0.956186596260732,0.292994651679457
-0.137409222750656,0.946671372976216,0.290078997409881
-0.135977376920389,0.93680676977932,0.287056286164049
-0.134495644026354,0.926598473093693,0.283928260375628
-0.132964938053781,0.916052779757603,0.280696849521503
-0.131386258526637,0.905176575922561,0.277364163655894
-0.129760687444766,0.893977315951943,0.273932486944475
-0.128089386221026,0.882463001319611,0.270404271198489
-0.126373592618425,0.870642159508541,0.266782129408867
-0.124614617687264,0.858523822909439,0.263068829280343
-0.122813842702268,0.84611750771937,0.259267286765571
-0.12097271609973,0.833433192840374,0.255380559599245
-0.119092750414646,0.820481298778096,0.251411840832211
-0.117175519217854,0.807272666540403,0.247364452365588
-0.115222654053168,0.793818536536009,0.243241838484884
-0.113235841374524,0.780130527473098,0.239047559394112
-0.11121681948311,0.766220615257946,0.234785284749908
-0.109167375464508,0.752101111893544,0.230458787195646
-0.107089342125831,0.73778464437822,0.226071935895558
-0.104984594932861,0.723284133604262,0.22162869006885
-0.102855048947186,0.708612773256543,0.217133092523816
-0.10070265576334,0.693784008711139,0.21258926319196
-0.0985294004459381,0.678811515933955,0.208001392662108
-0.0963372984668174,0.663709180379349,0.203373735714529
-0.0941283926421729,0.648491075888751,0.198710604855049
-0.091904750069696,0.633171443589288,0.194016363849171
-0.0896684590657123,0.617764670792405,0.189295421256187
-0.0874216261023198,0.602285269892491,0.184552223963302
-0.0851663727445265,0.586747857265498,0.179791250719744
-0.0829048325873886,0.571167132167565,0.175017005670886
-0.0806391481931482,0.555557855633642,0.17023401189236
-0.0783714680283712,0.539934829376112,0.165446804924176
-0.0761039434010855,0.524312874683411,0.160659926304836
-0.0738387253979185,0.508706811318656,0.155877917105454
-0.0715779618212356,0.493131436418263,0.151105311463874
-0.0693237941262772,0.477601503390572,0.146346630118781
-0.0670783543582977,0.462131700814467,0.141606373943824
-0.0648437620897028,0.446736631338007,0.136889017481732
-0.062622121357187,0.431430790577034,0.132199002478427
-0.0604155175988727,0.416228546013811,0.127540731417144
-0.0582260145914471,0.401144115895635,0.122918561052551
-0.0560556513873005,0.386191548133463,0.118336795944858
-0.0539064392516641,0.371384699200535,0.113799681993942
-0.051780358599748,0.356737213030995,0.109311399973458
-0.0496793559338795,0.342262499918515,0.104876059064962
-0.0476053407806398,0.327973715414919,0.100497690392021
-0.0455601826280036,0.313883739228801,0.0961802405543351
-0.0435457078624756,0.300005154124155,0.0919275651618525
-0.0415636967062291,0.286350224818988,0.0877434223688867
-0.039615880154244,0.272930876883956,0.0836314664082343
-0.0377039369114442,0.25975867564097,0.0795952411252896
-0.035829490329836,0.246844805061834,0.0756381735121647
-0.0339941053456457,0.234200046666859,0.0717635672418042
-0.032199285416458,0.22183475842349,0.0679745962021032
-0.0304464694583529,0.209758853644922,0.0642742980300235
-0.028737028783045,0.197981779888733,0.0606655676457115
-0.0270722640350203,0.186512497855497,0.0571511507866145
-0.0254534021286746,0.175359460287414,0.053733637541598
-0.0238815931854512,0.164530590866926,0.0504154558850616
-0.0223579074709795,0.154033263115348,0.0471988652110589
-0.0208833323322114,0.14387427929148,0.0440859498674102
-0.0194587691345613,0.134059849290243,0.0410786126898235
-0.018085030199042,0.124595569541286,0.0381785685360079
-0.0167628357394038,0.115486401907621,0.0353873378197938
-0.0154928107992726,0.106736652584246,0.0327062400452482
-0.0142754821892864,0.0983499509967551,0.0301363873407909
-0.0131112754242353,0.0903292286999768,0.027678677993314
-0.0120005116601969,0.0826766982765823,0.025333789982295
-0.0109434046316772,0.0753938322357235,0.0231021745139186
-0.00994005758874547,0.0684813419116395,0.020984049555189
-0.00899046023417499,0.0619391563622964,0.0189793933680513
-0.00809448566057802,0.0557664012679897,0.0170879380435029
-0.00725188728754653,0.0499613778299874,0.0153091630357172
-0.00646229579878835,0.0445215416691394,0.013642288696154
-0.00572521607926563,0.0394434817245046,0.012086269807682
-0.00504002415233298,0.0347228991519752,0.0106397891186918
-0.0044059641168748,0.0303545862228953,0.00930125087721478
-0.00382214508444353,0.0263324052226848,0.00806877436503939
-0.00328753811639834,0.0226492673494698,0.00694018743182978
-0.00280097316104136,0.0192971116126912,0.00591302002923944
-0.00236113599075655,0.0162668837317355,0.0049844977450304
-0.0019665651391482,0.0135485150345609,0.00415153533719126
-0.0016156488381778,0.011130901356313,0.00341073026805128
-0.00130662195530254,0.00900188193795159,0.00275835623839948
-0.00103756293061302,0.00714821832487189,0.00219035672160106
-0.000806390713970928,0.00555557326552525,0.00170233849771351
-0.000610861702147469,0.00420848961004539,0.00128956518760459
-0.000448566675961964,0.00309036920887662,0.000946950787070744
-0.000316927737416872,0.00218345181137591,0.000669053200949232
-0.000213195246839964,0.00146879396446509,0.000450067777241658
-0.000134444760017893,0.00092624791122331,0.000283820841223914
-7.75739653377794e-05,0.000534440489535326,0.000163763229569458
-3.92996209228891e-05,0.00027075203069904,8.29638244630448e-05
-1.61544917704759e-05,0.000111295258047095,3.41030877160087e-05
-4.48428689173164e-06,3.08941855839961e-05,9.46659488798574e-06
-4.44596447629619e-07,3.06301659436237e-06,9.3856940019954e-07
0,0,0
4.73235610177624e-06,3.75586349021795e-06,1.50239407537001e-06
3.74274830561268e-05,2.97045518384831e-05,1.18822057326717e-05
0.000124870803912597,9.9104480586476e-05,3.96430767166667e-05
0.000292581358322881,0.000232208992313243,9.28866065599276e-05
0.000564831598166825,0.000448282067555095,0.000179318637155257
0.000964667183178421,0.000765614035725504,0.000306255537327216
0.00151392677657181,0.00120153728603567,0.000480630487403433
0.00223326184066728,0.00177244197841508,0.000708999763786355
0.00314215643251727,0.00249379175443076,0.000997549023525668
0.00425894699953236,0.00338013944820759,0.00135209958888871
0.00560084217510728,0.00444514279734975,0.00177811473193379
0.00718394257424691,0.00570158015385891,0.00228070595908014
0.00902326058919227,0.00716136619505603,0.00286463929568104
0.0111327401850465,0.00883556763450066,0.00353434157059485
0.013525276695401,0.0107344189329119,0.00429390670075658
0.0162127366179611,0.0128673380090871,0.00514710197574986
0.0192059774101724,0.0152429419508242,0.00609737434237911
0.0225148672848468,0.0178690627258395,0.00714785668924023
0.026148305005788,0.0207527628926902,0.00830137413129273
0.0301142396834181,0.0239003513116924,0.00956045029443175
0.0344196905704033,0.0273173988558428,0.0109273136000592
0.0390707668572798,0.0310087541217385,0.0124039035496564
0.0440726874680802,0.0349785591404967,0.0139918770093543
0.0494298008559589,0.0392302650886758,0.0156926144945064
0.0551456047988188,0.0437666479991938,0.0175072264542604
0.0612227661949367,0.0485898244722511,0.019436559556129
0.0676631408585895,0.0537012673862485,0.0214812029705624
0.0744677933156805,0.0591018216087082,0.0236414946555199
0.0816370165993649,0.0647917197071939,0.0259175276410408
0.0891703520456761,0.0707705976602309,0.0283091563138178
0.0970666090891518,0.0770375105682268,0.0308160027017668
0.105323885058459,0.0835909483643904,0.0334374627585996
0.113939584972023,0.0904288515256537,0.0361727126483957
0.122910441333648,0.0975486267835906,0.0390207150301736
0.13223253392815,0.104947162835337,0.0419802253424626
0.141901309616975,0.112620846054513,0.0450497980878746
0.151911602133833,0.12056557620214,0.0482277931176758
0.162257651880318,0.128776782137563,0.0515123819163579
0.172933125721537,0.137249437529371,0.054901553886211
0.183931136781734,0.145978076566315,0.0583931226318937
0.195244264239918,0.154956809668232,0.0619847322450062
0.206864573125489,0.16417933919696,0.0656738635886613
0.218783634113861,0.173638975167262,0.0694578405820563
0.230992543322091,0.183328650957747,0.073333836485044
0.243481942104506,0.193240939021786,0.0772988801827057
0.256242036848325,0.203368066598434,0.081349862469922
0.269262618769287,0.213701931423353,0.0854835423359448
0.282533083707278,0.224234117439729,0.0896965532489689
0.296042451921956,0.234955910509192,0.0939854094407033
0.309779387888377,0.245858314122738,0.0983465121909439
0.323732220092621,0.256932065111648,0.102776156112145
0.337888960827419,0.26816764935841,0.107270535433988
0.352237325987777,0.279555317507635,0.111825750287959
0.366764754866604,0.291085100676983,0.116437812991916
0.381458429950336,0.302746826168078,0.121102654334661
0.396305296714564,0.31453013317743,0.125816129860514
0.411292083419658,0.326424488507357,0.130574026153881
0.426405320906397,0.338419202276903,0.13537206712383
0.441631362391589,0.350503443632757,0.14020592028866
0.456956403263701,0.362666256460179,0.145071203060472
0.472366500878486,0.374896575093912,0.149963489029744
0.487847594354603,0.387183240029109,0.1548783142499
0.503385524369252,0.399515013632249,0.159811183521881
0.518966052953791,0.411880595852058,0.16475757667872
0.534574883289369,0.424268639930433,0.16971295487011
0.550197679502549,0.436667768113356,0.17467276684698
0.565820086460931,0.449066587361817,0.179632455246061
0.581427749568783,0.461453705062737,0.184587462874463
0.597006334562668,0.473817744739884,0.189533238994244
0.612541547307062,0.486147361764794,0.194465245606982
0.628019153589989,0.498431259067694,0.199378963738348
0.643424998918641,0.510658202848417,0.204269899722675
0.658745028315008,0.522817038287329,0.209133591487533
0.673965306111499,0.534896705256241,0.213965614838297
0.689072035746574,0.546886254029337,0.218761589742723
0.704051579560367,0.558774860994091,0.223517186615517
0.718890478590311,0.570551844362184,0.228228132602906
0.733575472366764,0.582206679880429,0.232890217867211
0.748093518708639,0.59372901654169,0.23749930187142
0.762431813519025,0.605108692295799,0.242051319663757
0.776577810580816,0.616335749760482,0.246542288162254
0.790519241352335,0.627400451932273,0.250968312439326
0.804244134762964,0.638293297897439,0.255325592006339
0.817740837008762,0.649005038542896,0.259610427098182
0.830998031348102,0.659526692267133,0.263819224957843
0.844004757897288,0.66984956069113,0.267948506120974
0.856750433426182,0.679965244369279,0.271994910700468
0.869224871153837,0.689865658500304,0.275955204671027
0.881418300544115,0.69954304863818,0.279826286153739
0.893321387101315,0.708990006403055,0.283605191700642
0.904925252165805,0.718199485192171,0.287289102579303
0.916221492709638,0.727164815890779,0.290875351057385
0.927202201132184,0.735879722583064,0.294361426687221
0.937859985055759,0.744338338263068,0.297744982590384
0.948187987121242,0.752535220545599,0.301023841742263
0.958179904783708,0.760465367377165,0.304196003256627
0.967830010108055,0.768124232746883,0.307259648670204
0.977133169564622,0.775507742397404,0.310213148227247
0.986084863824825,0.782612309535838,0.313055067164113
0.994681207556774,0.78943485054466,0.315784171993825
1.0029189692209,0.795972800692647,0.318399436790654
1.0107955908656,0.802224129845788,0.320900049474681
1.01830920792283,0.808187358178202,0.323285418096376
1.02545866900376,0.813861571883072,0.325555177121167
1.03224355569437,0.819246438883546,0.32770919371401
1.03866420235111,0.824342224543674,0.329747574023963
1.04472171589652,0.829149807379319,0.33167066946876
1.05041799561481,0.833670694769077,0.333479083019374
1.05575575294756,0.837907038665205,0.3351736754846
1.0607385312893,0.841861651304529,0.336755571795618
1.06537072578311,0.845538020919376,0.338226167290568
1.06965760311634,0.84894032744849,0.339587133999124
1.07360532131612,0.852073458247943,0.34084042692706
1.07722094954507,0.854943023802074,0.341988290340828
1.08051248789689,0.857555373434394,0.343033264052124
1.08348888719201,0.859917611018506,0.343978189702464
1.08616006877318,0.862037610689041,0.344826217047754
1.08853694430112,0.863924032552555,0.34558081024286
1.09063143555015,0.865586338398472,0.346245754126186
1.0924564942038,0.867034807409985,0.346825160504234
1.09402612165045,0.868280551874991,0.34732347443619
1.09535538877895,0.869335532896997,0.347745480518483
1.09646045577424,0.870212576106061,0.348096309169366
1.09735859191299,0.870925387369687,0.348381442913483
1.09806819535921,0.871488568503761,0.348606722666439
1.0986088129599,0.871917632983473,0.34877835401938
1.09900116004063,0.872229021654221,0.348902913523553
1.09926714020122,0.872440118442549,0.348987354974886
1.09942986511135,0.872569266067064,0.349039015698559
1.09951367430615,0.872635781749343,0.349065622833574
1.09954415498188,0.872659972924871,0.349075299617323
1.09954816102803,0.872663152348012,0.349076571427788
1.09954816102803,0.872663152348012,0.349076571427788
1.09954816102803,0.872663152348012,0.349076571427788
1.09954816102803,0.872663152348012,0.349076571427788
1.09954816102803,0.872663152348012,0.349076571427788
1.09954816102803,0.872663152348012,0.349076571427788
1.09954816102803,0.872663152348012,0.349076571427788
1.09954816102803,0.872663152348012,0.349076571427788
1.09954816102803,0.872663152348012,0.349076571427788
1.09954816102803,0.872663152348012,0.349076571427788
1.09954816102803,0.872663152348012,0.349076571427788
1.09954816102803,0.872663152348012,0.349076571427788
1.09954816102803,0.872663152348012,0.349076571427788
1.09954816102803,0.872663152348012,0.349076571427788
1.09954816102803,0.872663152348012,0.349076571427788
1.09954816102803,0.872663152348012,0.349076571427788
1.09954816102803,0.872663152348012,0.349076571427788
1.09954816102803,0.872663152348012,0.349076571427788
1.09954816102803,0.872663152348012,0.349076571427788
1.09954816102803,0.872663152348012,0.349076571427788
1.09954816102803,0.872663152348012,0.349076571427788
1.09954816102803,0.872663152348012,0.349076571427788
1.09954816102803,0.872663152348012,0.349076571427788
1.09954816102803,0.872663152348012,0.349076571427788
1.09954816102803,0.872663152348012,0.349076571427788
1.09954816102803,0.872663152348012,0.349076571427788
1.09954816102803,0.872663152348012,0.349076571427788
1.09954816102803,0.872663152348012,0.349076571427788
1.09954816102803,0.872663152348012,0.349076571427788
1.09954816102803,0.872663152348012,0.349076571427788
1.09954816102803,0.872663152348012,0.349076571427788
1.09954342867193,0.872659396484522,0.349075069033713
1.09951073354498,0.872633447796173,0.349064689222055
1.09942329022412,0.872564047867425,0.349036928351071
1.09925557966971,0.872430943355698,0.348983684821228
1.09898332942987,0.872214870280457,0.348897252790633
1.09858349384485,0.871897538312286,0.348770315890461
1.09803423425146,0.871461615061976,0.348595940940385
1.09731489918737,0.870890710369597,0.348367571664002
1.09640600459552,0.870169360593581,0.348079022404262
1.0952892140285,0.869283012899804,0.347724471838899
1.09394731885293,0.868218009550662,0.347298456695854
1.09236421845379,0.866961572194153,0.346795865468708
1.09052490043884,0.865501786152956,0.346211932132107
1.08841542084299,0.863827584713511,0.345542229857193
1.08602288433263,0.8619287334151,0.344782664727032
1.08333542441007,0.859795814338925,0.343929469452038
1.08034218361786,0.857420210397188,0.342979197085409
1.07703329374319,0.854794089622172,0.341928714738548
1.07339985602224,0.851910389455322,0.340775197296495
1.06943392134461,0.84876280103632,0.339516121133356
1.06512847045763,0.845345753492169,0.338149257827729
1.06047739417075,0.841654398226273,0.336672667878132
1.05547547355995,0.837684593207515,0.335084694418434
1.05011836017207,0.833432887259336,0.333383956933282
1.04440255622921,0.828896504348818,0.331569344973528
1.0383253948331,0.824073327875761,0.329640011871659
1.03188502016944,0.818961884961763,0.327595368457226
1.02508036771235,0.813561330739304,0.325435076772268
1.01791114442867,0.807871432640818,0.323159043786747
1.01037780898236,0.801892554687781,0.32076741511397
1.00248155193888,0.795625641779785,0.318260568726021
0.994224275969573,0.789072203983621,0.315639108669189
0.98560857605601,0.782234300822358,0.312903858779392
0.976637719694384,0.775114525564421,0.310055856397615
0.967315627099883,0.767715989512675,0.307096346085326
0.957646851411058,0.760042306293499,0.304026773339914
0.9476365588942,0.752097576145872,0.300848778310112
0.937290509147715,0.743886370210449,0.29756418951143
0.926615035306496,0.735413714818641,0.294175017541577
0.915617024246299,0.726685075781697,0.290683448795894
0.904303896788115,0.71770634267978,0.287091839182782
0.892683587902544,0.708483813151052,0.283402707839127
0.880764526914172,0.699024177180749,0.279618730845732
0.868555617705941,0.689334501390265,0.275742734942744
0.856066218923526,0.679422213326226,0.271777691245082
0.843306124179708,0.669295085749578,0.267726708957866
0.830285542258746,0.658961220924659,0.263593029091843
0.817015077320755,0.648429034908283,0.259380018178819
0.803505709106077,0.63770724183882,0.255091161987085
0.789768773139656,0.626804838225274,0.250730059236844
0.775815940935411,0.615731087236364,0.246300415315644
0.761659200200613,0.604495502989602,0.2418060359938
0.747310835040255,0.593107834840377,0.237250821139829
0.732783406161429,0.581578051671029,0.232638758435872
0.718089731077697,0.569916326179934,0.227973917093127
0.703242864313469,0.558133019170582,0.223260441567274
0.688256077608375,0.546238663840655,0.218502545273907
0.673142840121636,0.534243950071109,0.213704504303958
0.657916798636444,0.522159708715254,0.208870651139128
0.642591757764331,0.509996895887832,0.204005368367316
0.627181660149547,0.4977665772541,0.199113082398044
0.611700566673429,0.485479912318903,0.194198257177888
0.596162636658781,0.473148138715763,0.189265387905907
0.580582108074241,0.460782556495954,0.184318994749068
0.564973277738663,0.448394512417579,0.179363616557678
0.549350481525484,0.435995384234656,0.174403804580809
0.533728074567102,0.423596564986195,0.169444116181727
0.518120411459249,0.411209447285275,0.164489108553326
0.502541826465365,0.398845407608127,0.159543332433544
0.487006613720971,0.386515790583217,0.154611325820806
0.471529007438044,0.374231893280318,0.149697607689441
0.456123162109391,0.362004949499594,0.144806671705114
0.440803132713025,0.349846114060683,0.139942979940256
0.425582854916534,0.337766447091771,0.135110956589491
0.410476125281458,0.325776898318675,0.130314981685065
0.395496581467665,0.313888291353921,0.125559384812271
0.380657682437722,0.302111307985828,0.120848438824882
0.365972688661269,0.290456472467583,0.116186353560577
0.351454642319394,0.278934135806322,0.111577269556368
0.337116347509008,0.267554460052212,0.107025251764032
0.322970350447217,0.25632740258753,0.102534283265534
0.309028919675698,0.245262700415739,0.0981082589884625
0.295304026265069,0.234369854450573,0.0937509794214495
0.28180732401927,0.223658113805116,0.0894661443296059
0.26855012967993,0.213136460080879,0.0852573464699451
0.255543403130745,0.202813591656882,0.081128065306814
0.242797727601851,0.192697907978733,0.0770816607273206
0.230323289874196,0.182797493847708,0.073121366756761
0.218129860483918,0.173120103709832,0.0692502852740495
0.206226773926717,0.163673145944957,0.0654713797271467
0.194622908862227,0.154463667155841,0.0617874688484856
0.183326668318395,0.145498336457233,0.0582012203704034
0.172345959895848,0.136783429764948,0.0547151447405676
0.161688175972274,0.128324814084944,0.0513315888374035
0.151360173906791,0.120127931802412,0.0480527296855251
0.141368256244324,0.112197784970847,0.0448805681711613
0.131718150919977,0.104538919601129,0.0418169227575849
0.122414991463411,0.0971554099506073,0.0388634232005414
0.113463297203208,0.090050842812174,0.0360215042636756
0.104866953471259,0.0832283018033513,0.0332923994339627
0.0966291918071289,0.076690351655365,0.0306771346371346
0.0887525701624285,0.0704390225022244,0.0281765219531069
0.0812389531051998,0.0644757941698095,0.0257911533314119
0.0740894920242754,0.0588015804649404,0.0235213943066213
0.0673046053336646,0.0534167134644656,0.0213673777137782
0.0608839586769216,0.0483209278043382,0.0193289974038247
0.0548264451315168,0.0435133449686931,0.0174059019590282
0.0491301654132215,0.0389924575789347,0.0155974884084138
0.0437924080804681,0.0347561136828072,0.0139028959431879
0.0388096297387364,0.030801501043483,0.0123209996321703
0.034177435244918,0.0271251314286358,0.0108504041372199
0.0298905579116939,0.023722824899522,0.00948943742866382
0.0259428397119166,0.0205896941000687,0.00823614450072796
0.0223272114829662,0.0177201285459376,0.00708828108696036
0.0190356731311401,0.015107778913618,0.00604330737566405
0.0160592738360246,0.0127455413295059,0.00509838172532451
0.0133880922548548,0.0106255416589704,0.00425035438003385
0.011011216726917,0.00873911979545694,0.00349576118492778
0.00891672547788613,0.00707681394953985,0.00283081730160251
0.00709166682423557,0.00562834493802722,0.00225141092355408
0.00552203937758189,0.00438260047302075,0.0017530969915982
0.0041927722490851,0.00332761945101434,0.00133109090930583
0.00308770525379232,0.00245057624195066,0.000980262258422293
0.00218956911504087,0.00173776497832434,0.00069512851430531
0.0014799656688198,0.00117458384425073,0.000469848761348812
0.000939348068134116,0.000745519364539149,0.000298217408408075
0.000547000987402235,0.000434130693791168,0.000173657904235291
0.000281020826808698,0.000223033905462522,8.92164529022743e-05
0.000118295916682776,9.38862809483076e-05,3.75557292286999e-05
3.4486721882443e-05,2.73705986684192e-05,1.09485942145771e-05
4.00604615746758e-06,3.17942314120856e-06,1.27181046472025e-06
0,0,0
9.09843795463912e-07,5.04556398239764e-06,1.654373072979e-06
7.19309303039019e-06,3.98894967426067e-05,1.30792334689378e-05
2.39894228567638e-05,0.00013303400927267,4.36200756754879e-05
5.61872216062015e-05,0.000311587794537438,0.000102165478223171
0.00010842765163252,0.000601288546990819,0.000197154487532769
0.000185108710154305,0.00102652548209048,0.000336584001763729
0.000290389290097477,0.00161036185581298,0.000528016154663247
0.00042819324093786,0.00237455748416826,0.000778585699413803
0.000602213429543753,0.00333959126271499,0.00109500739248181
0.000815915801018493,0.00452468368607617,0.00148358337746601
0.00107254343954302,0.00594781936745248,0.00195021056894595
0.00137512062921847,0.00762576955813898,0.00250038803632968
0.0017264569149087,0.00957411466703983,0.00313922438770331
0.00212915116308288,0.0118072667801818,0.00387144515367766
0.00258559562265808,0.0143384921802312,0.00470140017123821
0.00309797998584181,0.0171799338660081,0.00563307096759247
0.00366829544897459,0.0203426340720005,0.00667007814401854
0.00429833877337252,0.0238365567878813,0.00781568875971361
0.00498971634616988,0.0276706102780211,0.00907282371564233
0.00574384824116163,0.0318526696010044,0.0104440651383848
0.00656197227964606,0.0363895991291447,0.0119316637639852
0.00744514809126728,0.0412872750679993,0.0135375463218004
0.00839426117485786,0.046550607975884,0.0152633229183472
0.00941002695928133,0.052183565283388,0.0171102944211521
0.0104929948642748,0.0581891938128898,0.0190794598425985
0.0116435523612915,0.0645696422980713,0.021171523723776
0.0128619290343434,0.0713261839034329,0.0233869035183281
0.0141482006408436,0.0784592387438092,0.0257257369763002
0.0155022931724492,0.0859683964038831,0.028187889527989
0.0169239869159036,0.0938524384577015,0.0307729616677901
0.0184129205138793,0.10210936098819,0.0334802963380463
0.0199685950258201,0.110736397106667,0.0363089863128965
0.0215903779887841,0.119730039472361,0.0392578815821234
0.023277507478286,0.129086062811925,0.0423255967350022
0.0250290961691398,0.138799546438946,0.0455105183441491
0.0268441353963012,0.148864896773471,0.0488108123493687
0.0287214992157104,0.159275869861511,0.0522244314415039
0.0306599484651345,0.170025593894563,0.0557491224462829
0.03265813482501,0.181106591729123,0.0593824337081681
0.0347146048792857,0.192510803406198,0.0631217224742044
0.0368278041762649,0.204229608670826,0.0669641622778674
0.038996081289448,0.216253849491589,0.0709067503229119
0.0412176918783756,0.228573852580126,0.0749463148672205
0.0434908027494702,0.241179451910652,0.0790795226066507
0.0458134959168794,0.254060011239468,0.0833028860588854
0.0481837726633185,0.267204446624481,0.0876127709472787
0.0505995576009125,0.280601248944714,0.0920054035847069
0.0530587027320391,0.294238506419827,0.0964768782574141
0.0555589915101715,0.308103927129626,0.101023164608863
0.0580981429007202,0.322184861533584,0.105640115023582
0.0606738154418765,0.336468324990348,0.110323472011012
0.0632836113054543,0.350941020277262,0.11506887558936
0.0659250803577329,0.365589360109877,0.11987187066944
0.0685957242202999,0.380399489661471,0.124727914438527
0.0712930003308933,0.395357309082556,0.129632383744205
0.0740143260042444,0.410448496020402,0.134580582478211
0.0767570824929201,0.425658528138543,0.139567748960287
0.0795186190481659,0.440972705636302,0.144589063322031
0.0822962569807476,0.456376173768296,0.149639654890735
0.0850872937217951,0.471853945363959,0.154714609573248
0.0878890068836439,0.487390923347052,0.159808977239811
0.0906986583206782,0.502971923255179,0.164917779107913
0.0935134981901733,0.518581695759306,0.170036015126138
0.0963307690131383,0.534204949183269,0.175158671358011
0.0991477097351585,0.549826372023295,0.180280727365848
0.101961559787238,0.565430655467513,0.185397163594606
0.104769563146643,0.581002515915473,0.190502968755728
0.107568972397742,0.596526717497655,0.195593147210994
0.110357052792852,0.611988094594992,0.200662726356367
0.113131086313078,0.627371574358378,0.205706764005844
0.115888375729157,0.642662199228185,0.210720355775303
0.1186262486623,0.657845149453782,0.21569864246635
0.121342061645035,0.672905765613043,0.220636817450169
0.12403320418205,0.687829571131869,0.225530134051371
0.126697102811034,0.702602294803697,0.230373912931841
0.129331225163521,0.717209893309019,0.235163549474586
0.131933084025732,0.731638573734895,0.239894521167584
0.134500241399417,0.745874816094469,0.244562394987634
0.137030312562701,0.759905395846485,0.249162834784201
0.13952097013092,0.773717406414798,0.253691608663267
0.141969948117469,0.787298281707894,0.258144596371176
0.144375045994644,0.800635818638402,0.262517796678488
0.146734132754481,0.813718199642608,0.266807334763823
0.149045150969605,0.826534015199975,0.27100946959771
0.151306120854065,0.839072286352652,0.275120601326435
0.15351514432418,0.851322487224992,0.279137278655892
0.155670409059386,0.863274567543068,0.283056206235427
0.15777019256307,0.874918975154186,0.286874252041691
0.159812866223419,0.8862466785464,0.290588454762484
0.16179689937426,0.897249189368028,0.294196031180608
0.163720863355903,0.907918584947168,0.29769438355771
0.165583435575983,0.91824753081121,0.301081107018136
0.167383403570305,0.928229303206353,0.304353996932773
0.169119669063683,0.937857811617121,0.307511056302904
0.170791252030785,0.947127621285873,0.310550503144051
0.172397294756975,0.956033975732326,0.313470777869827
0.173937065899155,0.964572819273065,0.316270550675782
0.175409964546609,0.972740819541056,0.318948728923251
0.176815524281843,0.980535390005167,0.321504464523207
0.178153417241431,0.987954712489674,0.323937161320101
0.179423458176854,0.994997759693792,0.326246482475719
0.180625608515346,1.00166431771117,0.328432357853025
0.181759980420732,1.00795500854941,0.330494991400011
0.182826840854278,1.01387131264962,0.332434868533545
0.183826615635525,1.01941559140584,0.334252763523219
0.184759893503138,1.02459110968468,0.335949746875201
0.185627430175744,1.02940205834472,0.337527192716075
0.186430152412778,1.03385357675609,0.338986786176699
0.187169162075325,1.03795177531996,0.340330530776047
0.18784574018696,1.04170375798809,0.341560755805058
0.188461350994594,1.04511764478229,0.34268012371049
0.189017646029314,1.04820259431397,0.343691637478757
0.189516468167227,1.05096882630365,0.344598648019792
0.189959855690302,1.05342764410049,0.34540486155088
0.190350046347214,1.05559145720178,0.346114346980521
0.190689481414182,1.05747380377243,0.346731543292265
0.190980809755816,1.05908937316457,0.34726126692857
0.191226891885963,1.06045402843699,0.347708719174649
0.191430804028538,1.06158482887467,0.34807949354231
0.191595842178377,1.06250005250831,0.348379583153815
0.191725526162077,1.06321921863386,0.348615388125726
0.191823603698835,1.06376311033199,0.348793722952747
0.191894054461296,1.06415379698762,0.348921823891576
0.191941094136391,1.06441465680947,0.349007356344759
0.19196917848618,1.06457039934953,0.349058422244529
0.1919830074087,1.06464708802261,0.349083567436659
0.191987528998801,1.06467216262582,0.349091789064313
0.191987930993928,1.06467439190093,0.349092520013864
0.191987930993928,1.06467439190093,0.349092520013864
0.191987930993928,1.06467439190093,0.349092520013864
0.191987930993928,1.06467439190093,0.349092520013864
0.191987930993928,1.06467439190093,0.349092520013864
0.191987930993928,1.06467439190093,0.349092520013864
0.191987930993928,1.06467439190093,0.349092520013864
0.191987930993928,1.06467439190093,0.349092520013864
0.191987930993928,1.06467439190093,0.349092520013864
0.191987930993928,1.06467439190093,0.349092520013864
0.191987930993928,1.06467439190093,0.349092520013864
0.191987930993928,1.06467439190093,0.349092520013864
0.191987930993928,1.06467439190093,0.349092520013864
0.191987930993928,1.06467439190093,0.349092520013864
0.191987930993928,1.06467439190093,0.349092520013864
0.191987930993928,1.06467439190093,0.349092520013864
0.191987930993928,1.06467439190093,0.349092520013864
0.191987930993928,1.06467439190093,0.349092520013864
0.191987930993928,1.06467439190093,0.349092520013864
0.191987930993928,1.06467439190093,0.349092520013864
0.191987930993928,1.06467439190093,0.349092520013864
0.191987930993928,1.06467439190093,0.349092520013864
0.191987930993928,1.06467439190093,0.349092520013864
0.191987930993928,1.06467439190093,0.349092520013864
0.191987930993928,1.06467439190093,0.349092520013864
0.191987930993928,1.06467439190093,0.349092520013864
0.191987930993928,1.06467439190093,0.349092520013864
0.191987930993928,1.06467439190093,0.349092520013864
0.191987930993928,1.06467439190093,0.349092520013864
0.191987930993928,1.06467439190093,0.349092520013864
0.191987930993928,1.06467439190093,0.349092520013864
0.191987021150133,1.06466934633695,0.349090865640791
0.191980737900898,1.06463450240419,0.349079440780395
0.191963941571071,1.06454135789166,0.349048899938189
0.191931743772322,1.0643628041064,0.348990354535641
0.191879503342296,1.06407310335394,0.348895365526331
0.191802822283774,1.06364786641884,0.3487559360121
0.191697541703831,1.06306403004512,0.348564503859201
0.19155973775299,1.06229983441677,0.34831393431445
0.191385717564384,1.06133480063822,0.347997512621382
0.19117201519291,1.06014970821486,0.347608936636398
0.190915387554385,1.05872657253348,0.347142309444918
0.19061281036471,1.0570486223428,0.346592131977534
0.190261474079019,1.05510027723389,0.345953295626161
0.189858779830845,1.05286712512075,0.345221074860186
0.18940233537127,1.0503358997207,0.344391119842626
0.188889951008086,1.04749445803493,0.343459449046272
0.188319635544953,1.04433175782893,0.342422441869846
0.187689592220556,1.04083783511305,0.341276831254151
0.186998214647758,1.03700378162291,0.340019696298222
0.186244082752766,1.03282172229993,0.338648454875479
0.185425958714282,1.02828479277179,0.337160856249879
0.184542782902661,1.02338711683293,0.335554973692064
0.18359366981907,1.01812378392505,0.333829197095517
0.182577904034647,1.01249082661755,0.331982225592712
0.181494936129653,1.00648519808804,0.330013060171266
0.180344378632637,1.00010474960286,0.327920996290088
0.179126001959585,0.993348207997502,0.325705616495536
0.177839730353084,0.986215153157125,0.323366783037564
0.176485637821479,0.978705995497051,0.320904630485875
0.175063944078024,0.970821953443233,0.318319558346074
0.173575010480049,0.962565030912745,0.315612223675818
0.172019335968108,0.953937994794267,0.312783533700968
0.170397553005144,0.944944352428573,0.309834638431741
0.168710423515642,0.93558832908901,0.306766923278862
0.166958834824788,0.925874845461988,0.303582001669715
0.165143795597627,0.915809495127464,0.300281707664495
0.163266431778218,0.905398522039423,0.29686808857236
0.161327982528794,0.894648798006371,0.293343397567581
0.159329796168918,0.883567800171812,0.289710086305696
0.157273326114642,0.872163588494737,0.28597079753966
0.155160126817663,0.860444783230108,0.282128357735997
0.15299184970448,0.848420542409346,0.278185769690952
0.150770239115552,0.836100539320808,0.274146205146644
0.148497128244458,0.823494939990282,0.270012997407213
0.146174435077049,0.810614380661467,0.265789633954979
0.14380415833061,0.797469945276454,0.261479749066585
0.141388373393016,0.78407314295622,0.257087116429157
0.138929228261889,0.770435885481108,0.25261564175645
0.136428939483757,0.756570464771308,0.248069355405001
0.133889788093208,0.742489530367351,0.243452404990282
0.131314115552052,0.728206066910587,0.238769048002852
0.128704319688474,0.713733371623673,0.234023644424505
0.126062850636195,0.699085031791057,0.229220649344424
0.123392206773628,0.684274902239463,0.224364605575337
0.120694930663035,0.669317082818378,0.219460136269659
0.117973604989684,0.654225895880533,0.214511937535653
0.115230848501008,0.639015863762392,0.209524771053577
0.112469311945762,0.623701686264633,0.204503456691834
0.10969167401318,0.608298218132639,0.199452865123129
0.106900637272133,0.592820446536976,0.194377910440616
0.104098924110284,0.577283468553883,0.189283542774053
0.10128927267325,0.561702468645755,0.184174740905951
0.0984744328037548,0.546092696141628,0.179056504887726
0.0956571619807898,0.530469442717665,0.173933848655853
0.0928402212587696,0.514848019877639,0.168811792648016
0.09002637120669,0.499243736433421,0.163695356419258
0.0872183678472853,0.483671875985462,0.158589551258136
0.0844189585961861,0.468147674403279,0.15349937280287
0.0816308782010762,0.452686297305942,0.148429793657497
0.0788568446808503,0.437302817542557,0.14338575600802
0.0760995552647714,0.422012192672749,0.138372164238561
0.0733616823316284,0.406829242447153,0.133393877547515
0.0706458693488931,0.391768626287891,0.128455702563695
0.0679547268118782,0.376844820769065,0.123562385962493
0.0652908281828942,0.362072097097237,0.118718607082023
0.0626567058304072,0.347464498591916,0.113928970539278
0.0600548469681962,0.33303581816604,0.10919799884628
0.0574876895945106,0.318799575806465,0.10453012502623
0.0549576184312271,0.304768996054449,0.0999296852296629
0.0524669608630084,0.290956985486136,0.0954009113505976
0.0500179828764592,0.27737611019304,0.0909479236426882
0.0476128849992845,0.264038573262533,0.0865747233353757
0.0452537982394466,0.250956192258326,0.0822851852500408
0.0429427800243231,0.238140376700959,0.078083050416154
0.0406818101398635,0.225602105548282,0.0739719186874288
0.0384727866697476,0.213351904675942,0.0699552413579725
0.036317521934542,0.201399824357867,0.0660363137784374
0.0342177384308577,0.189755416746748,0.0622182679721734
0.032175064770509,0.178427713354535,0.0585040652513804
0.0301910316196681,0.167425202532906,0.0548964888332564
0.0282670676380253,0.156755806953766,0.051398136456154
0.026404495417945,0.146426861089725,0.0480114129957285
0.024604527423623,0.136445088694582,0.0447385230810913
0.0228682619302449,0.126816580283814,0.0415814637109599
0.0211966789631429,0.117546770615061,0.0385420168698127
0.019590636236953,0.108640416168608,0.0356217421440368
0.0180508650947729,0.10010157262787,0.0328219693380825
0.0165779664473192,0.0919335723598786,0.0301437910906128
0.0151724067120848,0.0841390018957671,0.0275880554906571
0.0138345137524974,0.0767196794112603,0.0251553586937636
0.0125644728170742,0.0696766322071429,0.0228460375381452
0.0113623224785825,0.0630100741897661,0.0206601621608389
0.0102279505731956,0.05671938335152,0.0185975286138533
0.00916109013964969,0.0508030792513186,0.0166576514803194
0.00816131535840275,0.0452588004950896,0.0148397564906451
0.0072280374907901,0.0400832822162529,0.0131427731386635
0.00636050081818418,0.0352723335562162,0.0115653272977894
0.00555777858114986,0.0308208151448484,0.0101057338371653
0.00481876891860314,0.0267226165809724,0.00876198923781746
0.00414219080696804,0.0229706339128464,0.00753176420880575
0.00352657999933403,0.0195567471186493,0.00641239630337465
0.00297028496461405,0.016471797586969,0.00540088253510684
0.00247146282670066,0.0137055655972798,0.00449387199407236
0.00202807530362586,0.011246747800441,0.00368765846298436
0.00163788464671427,0.00908293469915833,0.00297817303334336
0.00129844957974654,0.00720058812850266,0.00236097672159907
0.00100712123811156,0.00558501873636441,0.00183125308529397
0.0007610391079651,0.00422036346394705,0.00138380083921552
0.000557126965390259,0.00308956302626773,0.00101302647155421
0.000392088815551278,0.00217433939262257,0.000712936860048696
0.000262404831851304,0.00145517326707378,0.000477131888137805
0.000164327295092609,0.000911281568949152,0.000298797061117018
9.38765326323476e-05,0.00052059491331935,0.000170696122288261
4.683685753748e-05,0.000259735091466817,8.51636691048263e-05
1.8752507747799e-05,0.000103992551404808,3.40977693356059e-05
4.92358522763414e-06,2.73038783273893e-05,8.9525772049015e-06
4.01995126880772e-07,2.22927511672744e-06,7.30949550664661e-07
